27
C.aethiops	0.0	0.756257	0.739774	0.620394	0.670325	0.674763	0.807063	0.739844	0.800813	0.723536	0.920464	0.695464	0.72206	0.865037	0.709385	0.6465	0.736797	0.774288	0.759917	0.72576	0.699882	0.681054	0.707944	0.696723	0.768232	0.800051	0.741613	
C.albifron	0.756257	0.0	0.756791	0.72152	0.73881	0.725278	0.770089	0.777235	0.866625	0.779581	0.917652	0.767738	0.740537	0.771716	0.773605	0.832298	0.763212	0.73587	0.80606	0.768573	0.732023	0.826236	0.772651	0.746073	0.832276	0.87627	0.737329	
C.guereza 	0.739774	0.756791	0.0	0.711774	0.719284	0.689351	0.836324	0.767926	0.818172	0.752373	0.98664	0.741544	0.730096	0.941034	0.67383	0.706905	0.604721	0.718045	0.705358	0.687217	0.728113	0.732732	0.629479	0.743825	0.677052	0.858537	0.659379	
C.pygeryth	0.620394	0.72152	0.711774	0.0	0.67367	0.687159	0.815915	0.71834	0.794821	0.714739	0.867242	0.73618	0.766614	0.840313	0.664362	0.647271	0.685733	0.806829	0.714308	0.679218	0.661896	0.684745	0.684169	0.685485	0.723015	0.77943	0.69026	
C.sabaeus 	0.670325	0.73881	0.719284	0.67367	0.0	0.695264	0.805254	0.727792	0.760877	0.705479	0.877891	0.735088	0.749474	0.817026	0.67764	0.65342	0.698852	0.781108	0.716881	0.693002	0.671695	0.696181	0.680475	0.686042	0.725935	0.779316	0.697905	
C.tantalus	0.674763	0.725278	0.689351	0.687159	0.695264	0.0	0.781598	0.702288	0.769536	0.692831	0.862269	0.700746	0.708273	0.812593	0.670045	0.670636	0.695241	0.763231	0.717718	0.683532	0.666196	0.695265	0.681288	0.670821	0.734231	0.775332	0.691283	
C.variegat	0.807063	0.770089	0.836324	0.815915	0.805254	0.781598	0.0	0.832544	0.853989	0.779927	0.870126	0.826221	0.810512	0.880041	0.759563	0.666782	0.751928	0.782512	0.808671	0.762624	0.814626	0.706468	0.777068	0.807974	0.818079	0.789564	0.794005	
G.gorilla 	0.739844	0.777235	0.767926	0.71834	0.727792	0.702288	0.832544	0.0	0.778009	0.736748	0.932124	0.704791	0.733613	0.870784	0.740331	0.632807	0.737681	0.708068	0.787228	0.759742	0.745537	0.704352	0.756927	0.803671	0.791166	0.83583	0.765186	
H.lar     	0.800813	0.866625	0.818172	0.794821	0.760877	0.769536	0.853989	0.778009	0.0	0.767357	1.022965	0.783646	0.75356	0.934959	0.848317	0.612923	0.839331	0.758892	0.907597	0.859798	0.75409	0.69234	0.879031	0.752697	0.911307	0.894624	0.873035	
H.sapiens 	0.723536	0.779581	0.752373	0.714739	0.705479	0.692831	0.779927	0.736748	0.767357	0.0	0.947306	0.697925	0.697158	0.879816	0.766505	0.636432	0.757934	0.704562	0.824354	0.773964	0.718206	0.694448	0.779789	0.688668	0.81383	0.833218	0.801656	
L.catta   	0.920464	0.917652	0.98664	0.867242	0.877891	0.862269	0.870126	0.932124	1.022965	0.947306	0.0	0.900264	0.921246	0.865123	0.823747	1.015278	0.771738	0.938944	0.893135	0.861223	0.906933	0.994019	0.786183	0.916326	0.883673	1.013885	0.787796	
M.mulatta 	0.695464	0.767738	0.741544	0.73618	0.735088	0.700746	0.826221	0.704791	0.783646	0.697925	0.900264	0.0	0.708289	0.850361	0.719518	0.644044	0.747008	0.693657	0.762973	0.72623	0.680863	0.672163	0.72674	0.692773	0.769685	0.830939	0.752105	
M.sylvanus	0.72206	0.740537	0.730096	0.766614	0.749474	0.708273	0.810512	0.733613	0.75356	0.697158	0.921246	0.708289	0.0	0.830834	0.701631	0.62962	0.721651	0.704983	0.761639	0.708509	0.692013	0.652171	0.710269	0.70778	0.745302	0.821333	0.730969	
N.coucang 	0.865037	0.771716	0.941034	0.840313	0.817026	0.812593	0.880041	0.870784	0.934959	0.879816	0.865123	0.850361	0.830834	0.0	0.740733	0.818662	0.711084	0.870481	0.75844	0.726542	0.815026	0.832224	0.711606	0.829774	0.779746	0.807546	0.756098	
N.larvatus	0.709385	0.773605	0.67383	0.664362	0.67764	0.670045	0.759563	0.740331	0.848317	0.766505	0.823747	0.719518	0.701631	0.740733	0.0	0.8208	0.695588	0.698466	0.719983	0.743523	0.723331	0.813027	0.724498	0.74056	0.8	0.760971	0.689897	
P.abelii  	0.6465	0.832298	0.706905	0.647271	0.65342	0.670636	0.666782	0.632807	0.612923	0.636432	1.015278	0.644044	0.62962	0.818662	0.8208	0.0	0.840408	0.616421	0.883499	0.855441	0.689049	0.629471	0.855507	0.663497	0.889399	0.86027	0.858586	
P.badius  	0.736797	0.763212	0.604721	0.685733	0.698852	0.695241	0.751928	0.737681	0.839331	0.757934	0.771738	0.747008	0.721651	0.711084	0.695588	0.840408	0.0	0.70679	0.731338	0.727024	0.701166	0.823848	0.785922	0.714903	0.756982	0.75119	0.747262	
P.hamadrya	0.774288	0.73587	0.718045	0.806829	0.781108	0.763231	0.782512	0.708068	0.758892	0.704562	0.938944	0.693657	0.704983	0.870481	0.698466	0.616421	0.70679	0.0	0.751165	0.721223	0.677847	0.664325	0.71008	0.658323	0.749852	0.783994	0.733834	
P.melaloph	0.759917	0.80606	0.705358	0.714308	0.716881	0.717718	0.808671	0.787228	0.907597	0.824354	0.893135	0.762973	0.761639	0.75844	0.719983	0.883499	0.731338	0.751165	0.0	0.788262	0.758741	0.865444	0.727072	0.76873	0.752544	0.859795	0.731943	
P.nemaeus 	0.72576	0.768573	0.687217	0.679218	0.693002	0.683532	0.762624	0.759742	0.859798	0.773964	0.861223	0.72623	0.708509	0.726542	0.743523	0.855441	0.727024	0.721223	0.788262	0.0	0.730225	0.826872	0.759937	0.73991	0.790199	0.85587	0.822356	
P.paniscus	0.699882	0.732023	0.728113	0.661896	0.671695	0.666196	0.814626	0.745537	0.75409	0.718206	0.906933	0.680863	0.692013	0.815026	0.723331	0.689049	0.701166	0.677847	0.758741	0.730225	0.0	0.693771	0.736063	0.713418	0.763427	0.776807	0.737668	
P.pygmaeus	0.681054	0.826236	0.732732	0.684745	0.696181	0.695265	0.706468	0.704352	0.69234	0.694448	0.994019	0.672163	0.652171	0.832224	0.813027	0.629471	0.823848	0.664325	0.865444	0.826872	0.693771	0.0	0.850098	0.703444	0.893429	0.861591	0.839358	
P.roxellan	0.707944	0.772651	0.629479	0.684169	0.680475	0.681288	0.777068	0.756927	0.879031	0.779789	0.786183	0.72674	0.710269	0.711606	0.724498	0.855507	0.785922	0.71008	0.727072	0.759937	0.736063	0.850098	0.0	0.745476	0.715366	0.803704	0.739784	
P.troglody	0.696723	0.746073	0.743825	0.685485	0.686042	0.670821	0.807974	0.803671	0.752697	0.688668	0.916326	0.692773	0.70778	0.829774	0.74056	0.663497	0.714903	0.658323	0.76873	0.73991	0.713418	0.703444	0.745476	0.0	0.779034	0.800939	0.760815	
S.entellus	0.768232	0.832276	0.677052	0.723015	0.725935	0.734231	0.818079	0.791166	0.911307	0.81383	0.883673	0.769685	0.745302	0.779746	0.8	0.889399	0.756982	0.749852	0.752544	0.790199	0.763427	0.893429	0.715366	0.779034	0.0	0.852446	0.763735	
T.bancanus	0.800051	0.87627	0.858537	0.77943	0.779316	0.775332	0.789564	0.83583	0.894624	0.833218	1.013885	0.830939	0.821333	0.807546	0.760971	0.86027	0.75119	0.783994	0.859795	0.85587	0.776807	0.861591	0.803704	0.800939	0.852446	0.0	0.806652	
T.obscurus	0.741613	0.737329	0.659379	0.69026	0.697905	0.691283	0.794005	0.765186	0.873035	0.801656	0.787796	0.752105	0.730969	0.756098	0.689897	0.858586	0.747262	0.733834	0.731943	0.822356	0.737668	0.839358	0.739784	0.760815	0.763735	0.806652	0.0	
