27
C.aethiops	0.0	0.981814	0.944302	0.659227	0.736553	0.691674	1.067405	0.97579	1.006212	0.924004	1.201561	0.864489	0.869708	1.192722	0.888462	0.787794	0.949221	0.932808	0.935389	0.905408	0.892841	0.851638	0.876527	0.901416	0.992254	1.097933	0.92406	
C.albifron	0.981814	0.0	1.031151	0.934081	0.94788	0.946803	0.981194	1.004686	1.090906	0.97798	1.212281	0.972637	0.934986	1.13954	0.985827	1.022996	1.003979	0.943219	1.008867	0.977884	0.948907	1.048366	0.977113	0.954738	1.054643	1.194995	0.967636	
C.guereza 	0.944302	1.031151	0.0	0.905679	0.908469	0.886219	1.138049	1.006319	1.035258	0.961344	1.445762	0.943745	0.913584	1.401932	0.834534	0.857384	0.775407	0.917476	0.887147	0.859227	0.935798	0.919671	0.789008	0.953356	0.869728	1.241636	0.840214	
C.pygeryth	0.659227	0.934081	0.905679	0.0	0.721315	0.706423	1.050578	0.919882	0.991139	0.900978	1.144414	0.878642	0.904925	1.18468	0.829786	0.774964	0.881428	0.970197	0.875557	0.843343	0.834072	0.853935	0.846367	0.865149	0.917954	1.081458	0.862542	
C.sabaeus 	0.736553	0.94788	0.908469	0.721315	0.0	0.760642	1.034745	0.93916	0.944488	0.892721	1.151315	0.899486	0.890462	1.127169	0.851527	0.777668	0.883362	0.923811	0.879663	0.857341	0.847627	0.855297	0.840413	0.862777	0.910677	1.064387	0.849939	
C.tantalus	0.691674	0.946803	0.886219	0.706423	0.760642	0.0	1.028566	0.924546	0.976782	0.890006	1.135516	0.866812	0.844139	1.133994	0.838902	0.804283	0.894391	0.911545	0.878651	0.853006	0.848137	0.861088	0.845785	0.86496	0.941617	1.072923	0.855703	
C.variegat	1.067405	0.981194	1.138049	1.050578	1.034745	1.028566	0.0	1.100844	1.081678	1.02412	1.014065	1.075386	1.032978	1.267962	0.959674	0.845874	1.014249	1.032531	1.057925	1.020502	1.079894	0.911353	1.022603	1.080432	1.088858	1.060675	1.04897	
G.gorilla 	0.97579	1.004686	1.006319	0.919882	0.93916	0.924546	1.100844	0.0	0.947253	0.84947	1.304059	0.906849	0.913976	1.229772	0.936318	0.755435	0.953121	0.911855	0.982647	0.979667	0.874884	0.868632	0.958256	0.923114	1.009423	1.15294	0.965098	
H.lar     	1.006212	1.090906	1.035258	0.991139	0.944488	0.976782	1.081678	0.947253	0.0	0.920771	1.394258	0.976414	0.91429	1.245313	1.052279	0.741482	1.06007	0.976005	1.105044	1.098065	0.906518	0.857826	1.103534	0.906109	1.164092	1.18646	1.090665	
H.sapiens 	0.924004	0.97798	0.961344	0.900978	0.892721	0.890006	1.02412	0.84947	0.920771	0.0	1.253623	0.894258	0.859159	1.203854	0.955878	0.746425	0.956327	0.893878	1.017805	0.976773	0.825981	0.835692	0.961732	0.793099	1.034355	1.116651	0.99806	
L.catta   	1.201561	1.212281	1.445762	1.144414	1.151315	1.135516	1.014065	1.304059	1.394258	1.253623	0.0	1.212333	1.270986	1.308896	1.130587	1.4173	1.116441	1.37152	1.329987	1.288992	1.226291	1.375338	1.160437	1.284439	1.198286	1.694118	1.089627	
M.mulatta 	0.864489	0.972637	0.943745	0.878642	0.899486	0.866812	1.075386	0.906849	0.976414	0.894258	1.212333	0.0	0.804667	1.102652	0.886667	0.771719	0.958919	0.852057	0.935263	0.905972	0.856364	0.843959	0.903832	0.896009	0.970941	1.12921	0.935386	
M.sylvanus	0.869708	0.934986	0.913584	0.904925	0.890462	0.844139	1.032978	0.913976	0.91429	0.859159	1.270986	0.804667	0.0	1.105378	0.872505	0.750055	0.916402	0.851042	0.925898	0.880627	0.863839	0.807593	0.86096	0.883874	0.93807	1.123387	0.895964	
N.coucang 	1.192722	1.13954	1.401932	1.18468	1.127169	1.133994	1.267962	1.229772	1.245313	1.203854	1.308896	1.102652	1.105378	0.0	1.06338	1.075547	1.046083	1.204108	1.031935	1.031158	1.125668	1.097175	1.016931	1.104336	1.146043	1.183459	1.167857	
N.larvatus	0.888462	0.985827	0.834534	0.829786	0.851527	0.838902	0.959674	0.936318	1.052279	0.955878	1.130587	0.886667	0.872505	1.06338	0.0	0.982231	0.857691	0.863631	0.852987	0.89318	0.921564	0.999804	0.857332	0.939524	0.959692	1.065789	0.835782	
P.abelii  	0.787794	1.022996	0.857384	0.774964	0.777668	0.804283	0.845874	0.755435	0.741482	0.746425	1.4173	0.771719	0.750055	1.075547	0.982231	0.0	1.033137	0.737542	1.050811	1.05428	0.791935	0.666225	1.0193	0.783403	1.084418	1.101229	1.044565	
P.badius  	0.949221	1.003979	0.775407	0.881428	0.883362	0.894391	1.014249	0.953121	1.06007	0.956327	1.116441	0.958919	0.916402	1.046083	0.857691	1.033137	0.0	0.898467	0.883183	0.903318	0.897047	1.038377	0.933314	0.914446	0.950422	1.041416	0.912555	
P.hamadrya	0.932808	0.943219	0.917476	0.970197	0.923811	0.911545	1.032531	0.911855	0.976005	0.893878	1.37152	0.852057	0.851042	1.204108	0.863631	0.737542	0.898467	0.0	0.918345	0.91782	0.881817	0.827418	0.881121	0.852871	0.942276	1.052869	0.922848	
P.melaloph	0.935389	1.008867	0.887147	0.875557	0.879663	0.878651	1.057925	0.982647	1.105044	1.017805	1.329987	0.935263	0.925898	1.031935	0.852987	1.050811	0.883183	0.918345	0.0	0.932078	0.936098	1.045602	0.862306	0.957959	0.905603	1.196072	0.877938	
P.nemaeus 	0.905408	0.977884	0.859227	0.843343	0.857341	0.853006	1.020502	0.979667	1.098065	0.976773	1.288992	0.905972	0.880627	1.031158	0.89318	1.05428	0.903318	0.91782	0.932078	0.0	0.931703	1.030036	0.90633	0.937578	0.952531	1.157098	0.968419	
P.paniscus	0.892841	0.948907	0.935798	0.834072	0.847627	0.848137	1.079894	0.874884	0.906518	0.825981	1.226291	0.856364	0.863839	1.125668	0.921564	0.791935	0.897047	0.881817	0.936098	0.931703	0.0	0.824315	0.917189	0.766367	0.98294	1.010159	0.919648	
P.pygmaeus	0.851638	1.048366	0.919671	0.853935	0.855297	0.861088	0.911353	0.868632	0.857826	0.835692	1.375338	0.843959	0.807593	1.097175	0.999804	0.666225	1.038377	0.827418	1.045602	1.030036	0.824315	0.0	1.048931	0.847644	1.137172	1.138938	1.02726	
P.roxellan	0.876527	0.977113	0.789008	0.846367	0.840413	0.845785	1.022603	0.958256	1.103534	0.961732	1.160437	0.903832	0.86096	1.016931	0.857332	1.0193	0.933314	0.881121	0.862306	0.90633	0.917189	1.048931	0.0	0.930993	0.858353	1.089462	0.876917	
P.troglody	0.901416	0.954738	0.953356	0.865149	0.862777	0.86496	1.080432	0.923114	0.906109	0.793099	1.284439	0.896009	0.883874	1.104336	0.939524	0.783403	0.914446	0.852871	0.957959	0.937578	0.766367	0.847644	0.930993	0.0	0.991831	1.055426	0.958569	
S.entellus	0.992254	1.054643	0.869728	0.917954	0.910677	0.941617	1.088858	1.009423	1.164092	1.034355	1.198286	0.970941	0.93807	1.146043	0.959692	1.084418	0.950422	0.942276	0.905603	0.952531	0.98294	1.137172	0.858353	0.991831	0.0	1.188274	0.932599	
T.bancanus	1.097933	1.194995	1.241636	1.081458	1.064387	1.072923	1.060675	1.15294	1.18646	1.116651	1.694118	1.12921	1.123387	1.183459	1.065789	1.101229	1.041416	1.052869	1.196072	1.157098	1.010159	1.138938	1.089462	1.055426	1.188274	0.0	1.174144	
T.obscurus	0.92406	0.967636	0.840214	0.862542	0.849939	0.855703	1.04897	0.965098	1.090665	0.99806	1.089627	0.935386	0.895964	1.167857	0.835782	1.044565	0.912555	0.922848	0.877938	0.968419	0.919648	1.02726	0.876917	0.958569	0.932599	1.174144	0.0	
