27
C.aethiops	0.0	1.94822	1.891559	0.846601	1.043857	0.869792	2.419878	2.044342	2.036457	1.820544	2.317904	1.584271	1.551853	3.287045	1.618282	1.3661	1.81498	1.70742	1.687264	1.658432	1.716471	1.551811	1.580565	1.763141	1.902604	2.54501	1.686243	
C.albifron	1.94822	0.0	2.232449	1.841653	1.845418	1.865386	1.985878	1.987014	2.134854	1.835059	3.330889	1.908772	1.775893	3.399758	2.056393	1.864	2.149402	1.845163	2.160956	2.009914	1.841459	1.962612	1.983334	1.851634	2.283314	3.17527	2.07195	
C.guereza 	1.891559	2.232449	0.0	1.727221	1.728109	1.705481	2.763789	2.02938	2.107934	1.883105	4.635992	1.838015	1.722295	5.282753	1.527378	1.507166	1.391446	1.758407	1.632877	1.592449	1.840473	1.709431	1.41387	1.89426	1.644486	3.507943	1.540785	
C.pygeryth	0.846601	1.841653	1.727221	0.0	1.006355	0.902129	2.315031	1.823058	1.905616	1.720318	2.429757	1.537562	1.572886	3.516961	1.459307	1.334434	1.627238	1.733975	1.511908	1.494893	1.586695	1.569915	1.489886	1.654793	1.653216	2.500146	1.511515	
C.sabaeus 	1.043857	1.845418	1.728109	1.006355	0.0	1.070956	2.219648	1.860868	1.798283	1.689599	2.445132	1.617387	1.533529	2.845607	1.531605	1.359886	1.590697	1.638772	1.554888	1.519794	1.5972	1.531765	1.473176	1.620689	1.646962	2.426307	1.482598	
C.tantalus	0.869792	1.865386	1.705481	0.902129	1.070956	0.0	2.226532	1.843478	1.946894	1.726961	2.220307	1.565042	1.471222	3.118772	1.505022	1.385152	1.646929	1.655445	1.557956	1.528528	1.630204	1.550606	1.500007	1.675381	1.774882	2.382404	1.517673	
C.variegat	2.419878	1.985878	2.763789	2.315031	2.219648	2.226532	0.0	2.651868	2.440322	2.33796	1.233069	2.511869	2.312096	4.264111	1.87601	1.647193	2.198316	2.336443	2.203256	2.22084	2.479326	1.880328	2.111708	2.505641	2.372752	2.268849	2.165354	
G.gorilla 	2.044342	1.987014	2.02938	1.823058	1.860868	1.843478	2.651868	0.0	1.768764	1.415077	3.431238	1.800439	1.781967	3.602738	1.78492	1.251605	1.84123	1.796564	1.796174	1.909876	1.41158	1.541411	1.776468	1.48974	1.948982	2.645984	1.817735	
H.lar     	2.036457	2.134854	2.107934	1.905616	1.798283	1.946894	2.440322	1.768764	0.0	1.732742	3.213702	1.925399	1.710847	3.273556	2.030525	1.283119	2.074375	1.971628	2.083736	2.173016	1.622391	1.568565	2.112157	1.674579	2.338825	2.768037	2.111998	
H.sapiens 	1.820544	1.835059	1.883105	1.720318	1.689599	1.726961	2.33796	1.415077	1.732742	0.0	2.781824	1.739467	1.610845	3.264824	1.769955	1.245593	1.779923	1.770948	1.888803	1.858271	1.276039	1.469821	1.738439	1.216102	1.991684	2.547048	1.865228	
L.catta   	2.317904	3.330889	4.635992	2.429757	2.445132	2.220307	1.233069	3.431238	3.213702	2.781824	0.0	2.948017	3.444019	5.656468	2.843094	3.823613	3.082847	4.157981	5.079766	4.317634	2.894335	3.627002	3.58179	3.232388	3.345381	17.667728	2.657299	
M.mulatta 	1.584271	1.908772	1.838015	1.537562	1.617387	1.565042	2.511869	1.800439	1.925399	1.739467	2.948017	0.0	1.287057	2.697991	1.596917	1.360438	1.795688	1.521398	1.665836	1.661443	1.629619	1.521547	1.61922	1.738089	1.807467	2.641515	1.714705	
M.sylvanus	1.551853	1.775893	1.722295	1.572886	1.533529	1.471222	2.312096	1.781967	1.710847	1.610845	3.444019	1.287057	0.0	2.705861	1.53558	1.303095	1.675145	1.471914	1.596981	1.59347	1.596677	1.43376	1.465133	1.66739	1.700444	2.651917	1.576736	
N.coucang 	3.287045	3.399758	5.282753	3.516961	2.845607	3.118772	4.264111	3.602738	3.273556	3.264824	5.656468	2.697991	2.705861	0.0	2.941921	2.339613	2.876497	3.152279	2.226252	2.418225	2.952892	2.353879	2.639578	2.657074	3.444032	3.19521	3.567216	
N.larvatus	1.618282	2.056393	1.527378	1.459307	1.531605	1.505022	1.87601	1.78492	2.030525	1.769955	2.843094	1.596917	1.53558	2.941921	0.0	1.727552	1.569016	1.538696	1.470666	1.547345	1.744616	1.78939	1.444492	1.821024	1.759463	2.564499	1.428729	
P.abelii  	1.3661	1.864	1.507166	1.334434	1.359886	1.385152	1.647193	1.251605	1.283119	1.245593	3.823613	1.360438	1.303095	2.339613	1.727552	0.0	1.918368	1.289516	1.856207	1.975683	1.285603	0.924439	1.798481	1.310299	2.012777	2.189374	1.921494	
P.badius  	1.81498	2.149402	1.391446	1.627238	1.590697	1.646929	2.198316	1.84123	2.074375	1.779923	3.082847	1.795688	1.675145	2.876497	1.569016	1.918368	0.0	1.653	1.620138	1.658546	1.661402	2.000447	1.733046	1.699302	1.852768	2.601142	1.686819	
P.hamadrya	1.70742	1.845163	1.758407	1.733975	1.638772	1.655445	2.336443	1.796564	1.971628	1.770948	4.157981	1.521398	1.471914	3.152279	1.538696	1.289516	1.653	0.0	1.634328	1.670362	1.734473	1.522834	1.568297	1.66632	1.708626	2.220203	1.679829	
P.melaloph	1.687264	2.160956	1.632877	1.511908	1.554888	1.557956	2.203256	1.796174	2.083736	1.888803	5.079766	1.665836	1.596981	2.226252	1.470666	1.856207	1.620138	1.634328	0.0	1.748474	1.666691	1.869335	1.531059	1.754247	1.648013	3.161847	1.54366	
P.nemaeus 	1.658432	2.009914	1.592449	1.494893	1.519794	1.528528	2.22084	1.909876	2.173016	1.858271	4.317634	1.661443	1.59347	2.418225	1.547345	1.975683	1.658546	1.670362	1.748474	0.0	1.764188	1.936266	1.602689	1.792682	1.779105	3.073741	1.793085	
P.paniscus	1.716471	1.841459	1.840473	1.586695	1.5972	1.630204	2.479326	1.41158	1.622391	1.276039	2.894335	1.629619	1.596677	2.952892	1.744616	1.285603	1.661402	1.734473	1.666691	1.764188	0.0	1.379795	1.663287	0.978425	1.887221	2.022507	1.672427	
P.pygmaeus	1.551811	1.962612	1.709431	1.569915	1.531765	1.550606	1.880328	1.541411	1.568565	1.469821	3.627002	1.521547	1.43376	2.353879	1.78939	0.924439	2.000447	1.522834	1.869335	1.936266	1.379795	0.0	1.869088	1.458848	2.222431	2.443168	1.901684	
P.roxellan	1.580565	1.983334	1.41387	1.489886	1.473176	1.500007	2.111708	1.776468	2.112157	1.738439	3.58179	1.61922	1.465133	2.639578	1.444492	1.798481	1.733046	1.568297	1.531059	1.602689	1.663287	1.869088	0.0	1.702347	1.530158	2.626878	1.545452	
P.troglody	1.763141	1.851634	1.89426	1.654793	1.620689	1.675381	2.505641	1.48974	1.674579	1.216102	3.232388	1.738089	1.66739	2.657074	1.821024	1.310299	1.699302	1.66632	1.754247	1.792682	0.978425	1.458848	1.702347	0.0	1.91886	2.297245	1.785702	
S.entellus	1.902604	2.283314	1.644486	1.653216	1.646962	1.774882	2.372752	1.948982	2.338825	1.991684	3.345381	1.807467	1.700444	3.444032	1.759463	2.012777	1.852768	1.708626	1.648013	1.779105	1.887221	2.222431	1.530158	1.91886	0.0	3.106597	1.703011	
T.bancanus	2.54501	3.17527	3.507943	2.500146	2.426307	2.382404	2.268849	2.645984	2.768037	2.547048	17.667728	2.641515	2.651917	3.19521	2.564499	2.189374	2.601142	2.220203	3.161847	3.073741	2.022507	2.443168	2.626878	2.297245	3.106597	0.0	3.318358	
T.obscurus	1.686243	2.07195	1.540785	1.511515	1.482598	1.517673	2.165354	1.817735	2.111998	1.865228	2.657299	1.714705	1.576736	3.567216	1.428729	1.921494	1.686819	1.679829	1.54366	1.793085	1.672427	1.901684	1.545452	1.785702	1.703011	3.318358	0.0	
