27
C.aethiops	0.0	12.945481	12.145213	1.382811	2.007436	1.357955	-62.592407	26.375556	18.452839	10.998565	12.948941	6.018133	5.921435	-9.181679	5.914235	4.057706	7.80285	7.230725	6.01181	5.964307	8.82957	5.724991	5.298839	10.08034	8.612575	-32.566546	6.475453	
C.albifron	12.945481	0.0	119.386745	10.304973	9.474	10.265313	13.828411	11.778998	14.36278	8.077554	-8.346511	10.32232	8.133985	-8.151764	27.497315	7.349255	42.191563	9.578525	72.518695	22.775036	8.995205	9.079569	19.172486	9.041031	132.113222	-9.151581	34.21939	
C.guereza 	12.145213	119.386745	0.0	7.969453	7.872106	7.713057	-20.927546	14.56233	17.417867	10.584785	-5.4879	9.391307	7.44378	-4.812947	5.563668	4.658848	4.322355	8.033836	6.596057	5.999655	10.509256	6.637443	4.459521	12.675633	6.813338	-7.949998	5.574305	
C.pygeryth	1.382811	10.304973	7.969453	0.0	1.919484	1.484029	-170.700689	11.759627	11.904595	8.637239	1343.449382	5.343801	5.663783	-7.951244	4.601875	3.866555	5.709659	7.348667	4.578484	4.66885	6.913414	6.065746	4.614791	7.910611	5.7133	-36.903188	4.846086	
C.sabaeus 	2.007436	9.474	7.872106	1.919484	0.0	2.068174	56.653014	11.99526	9.382098	8.20783	201.340568	6.10488	5.286638	-13.712378	5.04339	4.181912	5.477138	6.212354	4.97797	4.753201	6.831837	5.471877	4.466648	7.027599	5.521673	-58.170554	4.564438	
C.tantalus	1.357955	10.265313	7.713057	1.484029	2.068174	0.0	94.719192	11.996036	13.53136	8.861453	10.836781	5.680738	4.842636	-10.468133	4.911031	4.091379	5.953827	6.569589	4.92174	4.86348	7.226685	5.709485	4.654996	8.194556	6.900499	-119.479542	4.898294	
C.variegat	-62.592407	13.828411	-20.927546	-170.700689	56.653014	94.719192	0.0	-20.948844	-125.39701	-82.613968	1.38723	-38.783393	-184.883872	-6.060867	9.580831	7.78604	30.754579	-108.674844	21.143435	28.506277	-43.526909	13.246403	17.015922	-33.394054	50.231656	31.68847	19.063528	
G.gorilla 	26.375556	11.778998	14.56233	11.759627	11.99526	11.996036	-20.948844	0.0	8.237936	4.081787	-11.020564	10.905493	10.0761	-8.173713	7.816964	3.223207	8.619259	11.457716	7.051509	9.651528	3.804002	5.043078	7.087116	4.279634	9.771111	-42.373953	7.952412	
H.lar     	18.452839	14.36278	17.417867	11.904595	9.382098	13.53136	-125.39701	8.237936	0.0	8.392909	-27.619499	13.346509	7.969749	-12.3309	10.758924	3.702992	11.514976	16.84084	10.361623	14.427132	6.32864	6.079981	11.037535	7.297356	19.054564	-35.443088	12.206033	
H.sapiens 	10.998565	8.077554	10.584785	8.637239	8.20783	8.861453	-82.613968	4.081787	8.392909	0.0	-29.244181	9.506052	6.850652	-9.936817	6.889683	3.363586	6.916183	11.367117	8.231608	8.092422	2.988493	4.85363	6.33707	2.805292	9.976053	-72.989977	7.948082	
L.catta   	12.948941	-8.346511	-5.4879	1343.449382	201.340568	10.836781	1.38723	-11.020564	-27.619499	-29.244181	0.0	-13.630175	-9.472159	-4.341736	-12.359787	-9.926881	-7.559252	-6.878885	-4.522878	-5.373806	-19.218367	-10.809419	-6.273974	-12.548537	-7.610742	-3.116884	-12.348953	
M.mulatta 	6.018133	10.32232	9.391307	5.343801	6.10488	5.680738	-38.783393	10.905493	13.346509	9.506052	-13.630175	0.0	3.242964	-21.338525	5.39344	4.242192	6.985411	5.228635	5.539879	5.922605	7.42017	5.345499	5.236556	9.443156	7.083377	-38.986813	6.2466	
M.sylvanus	5.921435	8.133985	7.44378	5.663783	5.286638	4.842636	-184.883872	10.0761	7.969749	6.850652	-9.472159	3.242964	0.0	-21.174113	4.809591	3.646031	5.787864	4.856679	5.024327	5.32073	6.688151	4.691258	4.035087	7.752225	5.976629	-29.079918	5.005463	
N.coucang 	-9.181679	-8.151764	-4.812947	-7.951244	-13.712378	-10.468133	-6.060867	-8.173713	-12.3309	-9.936817	-4.341736	-21.338525	-21.174113	0.0	-11.813356	112.251846	-11.464715	-11.35487	41.829195	-285.442229	-11.847423	57.769434	-16.578647	-17.046876	-8.106322	-11.099943	-7.397275	
N.larvatus	5.914235	27.497315	5.563668	4.601875	5.04339	4.911031	9.580831	7.816964	10.758924	6.889683	-12.359787	5.39344	4.809591	-11.813356	0.0	5.721357	6.244796	4.929875	4.844291	5.016446	7.201697	6.362606	4.252131	8.78389	7.280151	-18.362551	4.333075	
P.abelii  	4.057706	7.349255	4.658848	3.866555	4.181912	4.091379	7.78604	3.223207	3.702992	3.363586	-9.926881	4.242192	3.646031	112.251846	5.721357	0.0	8.006918	3.704875	6.676416	8.472662	3.319347	1.672378	6.153471	3.643777	8.502899	16.821869	7.915994	
P.badius  	7.80285	42.191563	4.322355	5.709659	5.477138	5.953827	30.754579	8.619259	11.514976	6.916183	-7.559252	6.985411	5.787864	-11.464715	6.244796	8.006918	0.0	5.744941	6.928596	6.687779	6.191912	9.472813	7.899461	6.521679	10.859588	-16.937537	7.26803	
P.hamadrya	7.230725	9.578525	8.033836	7.348667	6.212354	6.569589	-108.674844	11.457716	16.84084	11.367117	-6.878885	5.228635	4.856679	-11.35487	4.929875	3.704875	5.744941	0.0	5.524236	5.791425	9.247208	5.850662	4.937937	8.082413	6.09971	25.155877	6.188621	
P.melaloph	6.01181	72.518695	6.596057	4.578484	4.97797	4.92174	21.143435	7.051509	10.361623	8.231608	-4.522878	5.539879	5.024327	41.829195	4.844291	6.676416	6.928596	5.524236	0.0	8.60241	5.938215	6.972875	5.466821	6.984209	6.695077	-9.986298	5.546657	
P.nemaeus 	5.964307	22.775036	5.999655	4.66885	4.753201	4.86348	28.506277	9.651528	14.427132	8.092422	-5.373806	5.922605	5.32073	-285.442229	5.016446	8.472662	6.687779	5.791425	8.60241	0.0	7.201103	8.114491	5.435163	7.672634	8.495646	-10.559141	8.507451	
P.paniscus	8.82957	8.995205	10.509256	6.913414	6.831837	7.226685	-43.526909	3.804002	6.32864	2.988493	-19.218367	7.42017	6.688151	-11.847423	7.201697	3.319347	6.191912	9.247208	5.938215	7.201103	0.0	3.881229	5.786048	1.624197	8.798813	13.566643	6.068941	
P.pygmaeus	5.724991	9.079569	6.637443	6.065746	5.471877	5.709485	13.246403	5.043078	6.079981	4.85363	-10.809419	5.345499	4.691258	57.769434	6.362606	1.672378	9.472813	5.850662	6.972875	8.114491	3.881229	0.0	6.680718	4.529591	12.65767	48.99587	7.773624	
P.roxellan	5.298839	19.172486	4.459521	4.614791	4.466648	4.654996	17.015922	7.087116	11.037535	6.33707	-6.273974	5.236556	4.035087	-16.578647	4.252131	6.153471	7.899461	4.937937	5.466821	5.435163	5.786048	6.680718	0.0	6.14889	5.270071	-19.555095	5.291666	
P.troglody	10.08034	9.041031	12.675633	7.910611	7.027599	8.194556	-33.394054	4.279634	7.297356	2.805292	-12.548537	9.443156	7.752225	-17.046876	8.78389	3.643777	6.521679	8.082413	6.984209	7.672634	1.624197	4.529591	6.14889	0.0	9.420671	65.621041	7.570829	
S.entellus	8.612575	132.113222	6.813338	5.7133	5.521673	6.900499	50.231656	9.771111	19.054564	9.976053	-7.610742	7.083377	5.976629	-8.106322	7.280151	8.502899	10.859588	6.09971	6.695077	8.495646	8.798813	12.65767	5.270071	9.420671	0.0	-10.544269	7.135838	
T.bancanus	-32.566546	-9.151581	-7.949998	-36.903188	-58.170554	-119.479542	31.68847	-42.373953	-35.443088	-72.989977	-3.116884	-38.986813	-29.079918	-11.099943	-18.362551	16.821869	-16.937537	25.155877	-9.986298	-10.559141	13.566643	48.99587	-19.555095	65.621041	-10.544269	0.0	-8.447613	
T.obscurus	6.475453	34.21939	5.574305	4.846086	4.564438	4.898294	19.063528	7.952412	12.206033	7.948082	-12.348953	6.2466	5.005463	-7.397275	4.333075	7.915994	7.26803	6.188621	5.546657	8.507451	6.068941	7.773624	5.291666	7.570829	7.135838	-8.447613	0.0	
