27
C.aethiops	0.0	-1.603476	-1.568378	-2.513788	-2.060479	-2.627349	-1.482703	-1.517464	-1.547755	-1.568756	-1.64495	-1.623574	-1.607718	-1.387686	-1.690357	-1.736353	-1.67565	-1.603178	-1.703028	-1.716945	-1.574175	-1.652424	-1.731704	-1.563571	-1.669655	-1.473422	-1.685909	
C.albifron	-1.603476	0.0	-1.505511	-1.617126	-1.634428	-1.6248	-1.602583	-1.63184	-1.639852	-1.676635	-1.315256	-1.634679	-1.654471	-1.374602	-1.517755	-1.73491	-1.517806	-1.640724	-1.494976	-1.53563	-1.644789	-1.695999	-1.538357	-1.646944	-1.500889	-1.377076	-1.515125	
C.guereza 	-1.568378	-1.505511	0.0	-1.606336	-1.610527	-1.614422	-1.472269	-1.577501	-1.593376	-1.606941	-1.287723	-1.603659	-1.629988	-1.313133	-1.641203	-1.769389	-1.707328	-1.623115	-1.626625	-1.665982	-1.588991	-1.693285	-1.700236	-1.573933	-1.626093	-1.369265	-1.653718	
C.pygeryth	-2.513788	-1.617126	-1.606336	0.0	-2.084881	-2.391299	-1.484335	-1.556314	-1.570431	-1.584749	-1.446269	-1.643279	-1.620471	-1.376746	-1.729499	-1.75973	-1.719499	-1.601641	-1.759466	-1.766702	-1.594526	-1.648088	-1.764909	-1.583195	-1.719813	-1.474934	-1.742323	
C.sabaeus 	-2.060479	-1.634428	-1.610527	-2.084881	0.0	-2.042616	-1.506582	-1.56554	-1.59546	-1.591812	-1.446644	-1.621796	-1.638764	-1.411897	-1.71388	-1.723242	-1.724764	-1.627697	-1.737956	-1.768618	-1.603	-1.670481	-1.770607	-1.604522	-1.740522	-1.478426	-1.757188	
C.tantalus	-2.627349	-1.6248	-1.614422	-2.391299	-2.042616	0.0	-1.50205	-1.560846	-1.567025	-1.587782	-1.661568	-1.629204	-1.651567	-1.401652	-1.722907	-1.742607	-1.716849	-1.610545	-1.748327	-1.768822	-1.597631	-1.655103	-1.766984	-1.585605	-1.698794	-1.489856	-1.739462	
C.variegat	-1.482703	-1.602583	-1.472269	-1.484335	-1.506582	-1.50205	0.0	-1.458038	-1.501272	-1.484357	1.799802	-1.477816	-1.48902	-1.354672	-1.627272	-1.608864	-1.571454	-1.486751	-1.592642	-1.58636	-1.470492	-1.563723	-1.605367	-1.467796	-1.566613	-1.573887	-1.593756	
G.gorilla 	-1.517464	-1.63184	-1.577501	-1.556314	-1.56554	-1.560846	-1.458038	0.0	-1.598567	-1.6987	-1.395453	-1.565802	-1.578457	-1.38881	-1.666501	-1.789028	-1.666427	-1.557943	-1.704336	-1.659569	-1.72303	-1.671488	-1.699889	-1.69563	-1.662592	-1.492942	-1.672922	
H.lar     	-1.547755	-1.639852	-1.593376	-1.570431	-1.59546	-1.567025	-1.501272	-1.598567	0.0	-1.579281	-1.463426	-1.558333	-1.602318	-1.430147	-1.657334	-1.714186	-1.664189	-1.540863	-1.691792	-1.656424	-1.626814	-1.611484	-1.683625	-1.605356	-1.636505	-1.507579	-1.663585	
H.sapiens 	-1.568756	-1.676635	-1.606941	-1.584749	-1.591812	-1.587782	-1.484357	-1.6987	-1.579281	0.0	-1.434278	-1.573845	-1.617735	-1.403064	-1.699529	-1.746844	-1.715612	-1.557335	-1.695424	-1.693636	-1.80068	-1.65499	-1.736673	-1.822958	-1.674515	-1.500476	-1.692776	
L.catta   	-1.64495	-1.315256	-1.287723	-1.446269	-1.446644	-1.661568	1.799802	-1.395453	-1.463426	-1.434278	0.0	-1.403407	-1.37964	-1.297533	-1.349728	-1.417188	-1.310724	-1.354884	-1.254527	-1.308017	-1.405804	-1.423949	-1.298121	-1.386349	-1.317868	-1.229896	-1.339748	
M.mulatta 	-1.623574	-1.634679	-1.603659	-1.643279	-1.621796	-1.629204	-1.477816	-1.565802	-1.558333	-1.573845	-1.403407	0.0	-1.76223	-1.430845	-1.719199	-1.711614	-1.710428	-1.658612	-1.738999	-1.730756	-1.594645	-1.667307	-1.749308	-1.572241	-1.704558	-1.486642	-1.715653	
M.sylvanus	-1.607718	-1.654471	-1.629988	-1.620471	-1.638764	-1.651567	-1.48902	-1.578457	-1.602318	-1.617735	-1.37964	-1.76223	0.0	-1.434378	-1.744502	-1.768496	-1.740761	-1.659361	-1.766118	-1.750744	-1.609055	-1.694311	-1.827315	-1.598852	-1.731497	-1.473904	-1.761507	
N.coucang 	-1.387686	-1.374602	-1.313133	-1.376746	-1.411897	-1.401652	-1.354672	-1.38881	-1.430147	-1.403064	-1.297533	-1.430845	-1.434378	0.0	-1.39566	-1.511961	-1.39983	-1.407323	-1.490973	-1.493412	-1.404423	-1.514862	-1.423617	-1.423802	-1.383319	-1.410658	-1.369907	
N.larvatus	-1.690357	-1.517755	-1.641203	-1.729499	-1.71388	-1.722907	-1.627272	-1.666501	-1.657334	-1.699529	-1.349728	-1.719199	-1.744502	-1.39566	0.0	-1.78009	-1.607097	-1.743624	-1.6588	-1.687675	-1.664095	-1.748294	-1.700608	-1.639877	-1.61765	-1.409973	-1.691191	
P.abelii  	-1.736353	-1.73491	-1.769389	-1.75973	-1.723242	-1.742607	-1.608864	-1.789028	-1.714186	-1.746844	-1.417188	-1.711614	-1.768496	-1.511961	-1.78009	0.0	-1.730881	-1.749304	-1.769237	-1.737544	-1.776903	-2.164263	-1.790512	-1.745207	-1.731479	-1.602325	-1.734884	
P.badius  	-1.67565	-1.517806	-1.707328	-1.719499	-1.724764	-1.716849	-1.571454	-1.666427	-1.664189	-1.715612	-1.310724	-1.710428	-1.740761	-1.39983	-1.607097	-1.730881	0.0	-1.735048	-1.599881	-1.638693	-1.704935	-1.705809	-1.586306	-1.697061	-1.559581	-1.409308	-1.597926	
P.hamadrya	-1.603178	-1.640724	-1.623115	-1.601641	-1.627697	-1.610545	-1.486751	-1.557943	-1.540863	-1.557335	-1.354884	-1.658612	-1.659361	-1.407323	-1.743624	-1.749304	-1.735048	0.0	-1.744445	-1.745755	-1.569882	-1.645209	-1.770991	-1.58578	-1.730654	-1.542129	-1.71711	
P.melaloph	-1.703028	-1.494976	-1.626625	-1.759466	-1.737956	-1.748327	-1.592642	-1.704336	-1.691792	-1.695424	-1.254527	-1.738999	-1.766118	-1.490973	-1.6588	-1.769237	-1.599881	-1.744445	0.0	-1.587585	-1.715823	-1.759134	-1.619091	-1.692832	-1.60062	-1.384402	-1.618584	
P.nemaeus 	-1.716945	-1.53563	-1.665982	-1.766702	-1.768618	-1.768822	-1.58636	-1.659569	-1.656424	-1.693636	-1.308017	-1.730756	-1.750744	-1.493412	-1.687675	-1.737544	-1.638693	-1.745755	-1.587585	0.0	-1.693533	-1.731742	-1.673964	-1.682606	-1.607826	-1.413368	-1.604175	
P.paniscus	-1.574175	-1.644789	-1.588991	-1.594526	-1.603	-1.597631	-1.470492	-1.72303	-1.626814	-1.80068	-1.405804	-1.594645	-1.609055	-1.404423	-1.664095	-1.776903	-1.704935	-1.569882	-1.715823	-1.693533	0.0	-1.73975	-1.729655	-2.297239	-1.663907	-1.546883	-1.714306	
P.pygmaeus	-1.652424	-1.695999	-1.693285	-1.648088	-1.670481	-1.655103	-1.563723	-1.671488	-1.611484	-1.65499	-1.423949	-1.667307	-1.694311	-1.514862	-1.748294	-2.164263	-1.705809	-1.645209	-1.759134	-1.731742	-1.73975	0.0	-1.775832	-1.693804	-1.689436	-1.559819	-1.729871	
P.roxellan	-1.731704	-1.538357	-1.700236	-1.764909	-1.770607	-1.766984	-1.605367	-1.699889	-1.683625	-1.736673	-1.298121	-1.749308	-1.827315	-1.423617	-1.700608	-1.790512	-1.586306	-1.770991	-1.619091	-1.673964	-1.729655	-1.775832	0.0	-1.723497	-1.644759	-1.42075	-1.64151	
P.troglody	-1.563571	-1.646944	-1.573933	-1.583195	-1.604522	-1.585605	-1.467796	-1.69563	-1.605356	-1.822958	-1.386349	-1.572241	-1.598852	-1.423802	-1.639877	-1.745207	-1.697061	-1.58578	-1.692832	-1.682606	-2.297239	-1.693804	-1.723497	0.0	-1.658606	-1.504693	-1.679878	
S.entellus	-1.669655	-1.500889	-1.626093	-1.719813	-1.740522	-1.698794	-1.566613	-1.662592	-1.636505	-1.674515	-1.317868	-1.704558	-1.731497	-1.383319	-1.61765	-1.731479	-1.559581	-1.730654	-1.60062	-1.607826	-1.663907	-1.689436	-1.644759	-1.658606	0.0	-1.396066	-1.597185	
T.bancanus	-1.473422	-1.377076	-1.369265	-1.474934	-1.478426	-1.489856	-1.573887	-1.492942	-1.507579	-1.500476	-1.229896	-1.486642	-1.473904	-1.410658	-1.409973	-1.602325	-1.409308	-1.542129	-1.384402	-1.413368	-1.546883	-1.559819	-1.42075	-1.504693	-1.396066	0.0	-1.374476	
T.obscurus	-1.685909	-1.515125	-1.653718	-1.742323	-1.757188	-1.739462	-1.593756	-1.672922	-1.663585	-1.692776	-1.339748	-1.715653	-1.761507	-1.369907	-1.691191	-1.734884	-1.597926	-1.71711	-1.618584	-1.604175	-1.714306	-1.729871	-1.64151	-1.679878	-1.597185	-1.374476	0.0	
