27
C.aethiops	0.0	1.092777	0.924912	0.509859	0.549224	0.490654	1.010596	0.892871	0.881442	0.853827	1.343568	0.734433	0.733172	1.235092	0.929818	0.796696	1.079293	0.728177	0.970452	0.996124	0.846497	0.820911	1.013095	0.876382	1.049123	1.216868	1.009961	
C.albifron	1.092777	0.0	1.019285	1.083546	1.067262	1.079416	1.159369	1.148461	1.189711	1.118104	1.167406	1.130355	1.079668	1.351871	0.923166	1.193833	0.956508	1.150621	0.944525	0.925894	1.091295	1.191923	0.921104	1.109508	0.929656	1.080745	0.963318	
C.guereza 	0.924912	1.019285	0.0	0.898686	0.899808	0.90035	1.164645	0.993615	1.086408	1.000956	1.237499	0.969118	0.923931	1.337248	0.813868	1.029589	0.846652	0.939896	0.8333	0.852077	0.951444	1.044994	0.833703	0.98863	0.859842	1.121865	0.845583	
C.pygeryth	0.509859	1.083546	0.898686	0.0	0.552019	0.502384	0.995657	0.876259	0.864808	0.844146	1.344827	0.732454	0.722229	1.265792	0.902239	0.823332	1.040697	0.733033	0.941102	0.964786	0.839922	0.846615	0.997471	0.865168	0.995379	1.21898	0.975063	
C.sabaeus 	0.549224	1.067262	0.899808	0.552019	0.0	0.543582	0.977404	0.88861	0.867177	0.849512	1.31869	0.720092	0.714583	1.210998	0.92196	0.832838	1.011075	0.727533	0.940771	0.95884	0.845511	0.836708	0.972605	0.867012	0.975397	1.215409	0.959259	
C.tantalus	0.490654	1.079416	0.90035	0.502384	0.543582	0.0	0.979404	0.880209	0.871746	0.844932	1.346485	0.720094	0.708391	1.250019	0.913341	0.800377	1.047689	0.725832	0.960279	0.982176	0.839551	0.812874	0.992053	0.873106	1.027859	1.192728	0.969556	
C.variegat	1.010596	1.159369	1.164645	0.995657	0.977404	0.979404	0.0	1.040656	1.043988	1.014025	0.895181	1.033219	1.006206	1.344896	1.126362	0.983481	1.274598	1.030882	1.203995	1.275648	0.982499	0.986324	1.234142	1.020697	1.246482	1.23417	1.207041	
G.gorilla 	0.892871	1.148461	0.993615	0.876259	0.88861	0.880209	1.040656	0.0	0.818464	0.675225	1.503366	0.882348	0.880366	1.311828	1.049346	0.729756	1.129026	0.874419	1.041751	1.133668	0.661104	0.750989	1.100796	0.679971	1.137881	1.253263	1.10546	
H.lar     	0.881442	1.189711	1.086408	0.864808	0.867177	0.871746	1.043988	0.818464	0.0	0.78108	1.529935	0.873378	0.839628	1.315244	1.13705	0.763928	1.223827	0.87285	1.158041	1.219508	0.782136	0.76618	1.208084	0.803255	1.228093	1.357402	1.181393	
H.sapiens 	0.853827	1.118104	1.000956	0.844146	0.849512	0.844932	1.014025	0.675225	0.78108	0.0	1.443248	0.84892	0.844909	1.318427	1.065529	0.704857	1.144337	0.857875	1.114736	1.12819	0.617589	0.732821	1.12554	0.6252	1.16699	1.248667	1.135571	
L.catta   	1.343568	1.167406	1.237499	1.344827	1.31869	1.346485	0.895181	1.503366	1.529935	1.443248	0.0	1.445793	1.446335	1.522944	1.174482	1.66067	1.210707	1.505182	1.181787	1.206374	1.396329	1.612847	1.216591	1.411937	1.20133	1.298089	1.161735	
M.mulatta 	0.734433	1.130355	0.969118	0.732454	0.720092	0.720094	1.033219	0.882348	0.873378	0.84892	1.445793	0.0	0.65853	1.22588	0.955576	0.82489	1.080873	0.75002	1.002543	1.019261	0.856708	0.815965	1.01231	0.870983	1.031798	1.261597	1.026492	
M.sylvanus	0.733172	1.079668	0.923931	0.722229	0.714583	0.708391	1.006206	0.880366	0.839628	0.844909	1.446335	0.65853	0.0	1.239553	0.943626	0.826479	1.072799	0.73	0.972204	1.01307	0.838455	0.827515	0.971527	0.864697	1.019364	1.259475	0.998227	
N.coucang 	1.235092	1.351871	1.337248	1.265792	1.210998	1.250019	1.344896	1.311828	1.315244	1.318427	1.522944	1.22588	1.239553	0.0	1.319909	1.296623	1.406394	1.271519	1.257064	1.328195	1.276321	1.247331	1.347687	1.27113	1.40893	1.358634	1.417192	
N.larvatus	0.929818	0.923166	0.813868	0.902239	0.92196	0.913341	1.126362	1.049346	1.13705	1.065529	1.174482	0.955576	0.943626	1.319909	0.0	1.125415	0.762376	0.948534	0.729467	0.714514	1.025445	1.106481	0.691256	1.080058	0.732339	1.027901	0.723973	
P.abelii  	0.796696	1.193833	1.029589	0.823332	0.832838	0.800377	0.983481	0.729756	0.763928	0.704857	1.66067	0.82489	0.826479	1.296623	1.125415	0.0	1.252684	0.815847	1.168228	1.260532	0.721088	0.539394	1.215159	0.755846	1.261982	1.294947	1.253147	
P.badius  	1.079293	0.956508	0.846652	1.040697	1.011075	1.047689	1.274598	1.129026	1.223827	1.144337	1.210707	1.080873	1.072799	1.406394	0.762376	1.252684	0.0	1.088739	0.78058	0.770892	1.051307	1.267801	0.748044	1.079337	0.786822	1.066698	0.753009	
P.hamadrya	0.728177	1.150621	0.939896	0.733033	0.727533	0.725832	1.030882	0.874419	0.87285	0.857875	1.505182	0.75002	0.73	1.271519	0.948534	0.815847	1.088739	0.0	1.013042	1.051952	0.854363	0.83874	1.037978	0.889039	1.042488	1.258603	1.050682	
P.melaloph	0.970452	0.944525	0.8333	0.941102	0.940771	0.960279	1.203995	1.041751	1.158041	1.114736	1.181787	1.002543	0.972204	1.257064	0.729467	1.168228	0.78058	1.013042	0.0	0.758026	1.016569	1.161521	0.7226	1.053457	0.74629	1.035299	0.718365	
P.nemaeus 	0.996124	0.925894	0.852077	0.964786	0.95884	0.982176	1.275648	1.133668	1.219508	1.12819	1.206374	1.019261	1.01307	1.328195	0.714514	1.260532	0.770892	1.051952	0.758026	0.0	1.071914	1.221437	0.702079	1.107342	0.761918	1.08353	0.750727	
P.paniscus	0.846497	1.091295	0.951444	0.839922	0.845511	0.839551	0.982499	0.661104	0.782136	0.617589	1.396329	0.856708	0.838455	1.276321	1.025445	0.721088	1.051307	0.854363	1.016569	1.071914	0.0	0.736608	1.059998	0.526061	1.109808	1.115324	1.044487	
P.pygmaeus	0.820911	1.191923	1.044994	0.846615	0.836708	0.812874	0.986324	0.750989	0.76618	0.732821	1.612847	0.815965	0.827515	1.247331	1.106481	0.539394	1.267801	0.83874	1.161521	1.221437	0.736608	0.0	1.19497	0.759191	1.283283	1.315009	1.200265	
P.roxellan	1.013095	0.921104	0.833703	0.997471	0.972605	0.992053	1.234142	1.100796	1.208084	1.12554	1.216591	1.01231	0.971527	1.347687	0.691256	1.215159	0.748044	1.037978	0.7226	0.702079	1.059998	1.19497	0.0	1.087868	0.721339	1.046508	0.721064	
P.troglody	0.876382	1.109508	0.98863	0.865168	0.867012	0.873106	1.020697	0.679971	0.803255	0.6252	1.411937	0.870983	0.864697	1.27113	1.080058	0.755846	1.079337	0.889039	1.053457	1.107342	0.526061	0.759191	1.087868	0.0	1.134736	1.170794	1.091968	
S.entellus	1.049123	0.929656	0.859842	0.995379	0.975397	1.027859	1.246482	1.137881	1.228093	1.16699	1.20133	1.031798	1.019364	1.40893	0.732339	1.261982	0.786822	1.042488	0.74629	0.761918	1.109808	1.283283	0.721339	1.134736	0.0	1.078541	0.741258	
T.bancanus	1.216868	1.080745	1.121865	1.21898	1.215409	1.192728	1.23417	1.253263	1.357402	1.248667	1.298089	1.261597	1.259475	1.358634	1.027901	1.294947	1.066698	1.258603	1.035299	1.08353	1.115324	1.315009	1.046508	1.170794	1.078541	0.0	1.071133	
T.obscurus	1.009961	0.963318	0.845583	0.975063	0.959259	0.969556	1.207041	1.10546	1.181393	1.135571	1.161735	1.026492	0.998227	1.417192	0.723973	1.253147	0.753009	1.050682	0.718365	0.750727	1.044487	1.200265	0.721064	1.091968	0.741258	1.071133	0.0	
