27
C.aethiops	0.0	8.263553	3.362735	0.624629	0.750088	0.586868	9.977687	4.595653	4.252673	4.286522	10.833994	1.974641	2.01606	13.962602	3.166725	3.979801	3.567299	2.051187	3.225321	3.42012	4.470688	4.408964	3.703456	4.572002	3.658323	16.487216	3.612781	
C.albifron	8.263553	0.0	6.044684	7.900946	7.390747	7.550659	9.388088	6.428986	6.816628	5.711947	7.855911	6.939358	6.300258	8.735774	5.289172	6.707877	5.209359	7.189254	5.451389	5.226291	5.772413	6.918546	5.486688	5.916536	5.297308	7.001459	5.59923	
C.guereza 	3.362735	6.044684	0.0	3.110391	3.300938	3.169545	8.892936	4.617621	4.58638	4.485194	8.336659	3.279084	2.962358	10.23379	2.036867	5.053452	1.937645	3.045269	2.218476	2.3735	4.163138	4.971885	2.146514	4.476605	2.379509	8.943928	2.108353	
C.pygeryth	0.624629	7.900946	3.110391	0.0	0.755605	0.614772	9.43172	4.214106	3.968252	4.148142	13.716197	1.903654	1.928988	14.916293	2.954298	3.923684	3.189961	2.020948	3.003242	3.106013	4.078863	4.272996	3.35318	4.283213	3.317634	16.160578	3.180193	
C.sabaeus 	0.750088	7.390747	3.300938	0.755605	0.0	0.745057	8.664387	4.451951	3.971799	4.327105	12.851708	1.89394	1.845331	12.349047	3.20348	4.199225	3.285436	2.001063	3.159261	3.272417	4.361674	4.46491	3.258587	4.451854	3.11617	14.909464	3.252372	
C.tantalus	0.586868	7.550659	3.169545	0.614772	0.745057	0.0	9.14028	4.192685	3.854691	3.924583	10.665839	1.871176	1.853984	14.096917	3.04889	3.77488	3.257172	2.042214	3.071388	3.268854	3.947288	4.302667	3.384498	4.23628	3.377547	14.309159	3.221531	
C.variegat	9.977687	9.388088	8.892936	9.43172	8.664387	9.14028	0.0	7.343529	6.88222	7.396713	0.852151	8.635265	8.868304	9.166873	10.481851	7.736254	10.451083	7.736285	9.989174	10.244824	7.247042	7.330615	10.293994	7.761728	10.937549	6.930127	10.981262	
G.gorilla 	4.595653	6.428986	4.617621	4.214106	4.451951	4.192685	7.343529	0.0	2.328183	1.279935	12.477237	3.837763	3.708842	10.697487	4.750664	1.962068	4.76545	4.12872	4.511027	5.309536	1.240157	1.985549	5.168994	1.258218	5.100754	9.674043	5.492907	
H.lar     	4.252673	6.816628	4.58638	3.968252	3.971799	3.854691	6.88222	2.328183	0.0	2.206988	11.326328	3.68118	3.422227	9.5348	4.780164	2.522511	4.701731	3.840325	5.10725	5.025336	2.206439	2.561748	4.930442	2.189215	5.187463	10.578516	4.926198	
H.sapiens 	4.286522	5.711947	4.485194	4.148142	4.327105	3.924583	7.396713	1.279935	2.206988	0.0	12.24135	3.678738	3.671929	10.152508	4.31455	1.900137	4.496031	4.186243	4.982418	5.202569	1.056753	1.963143	5.080796	1.060372	4.912612	9.377377	5.23187	
L.catta   	10.833994	7.855911	8.336659	13.716197	12.851708	10.665839	0.852151	12.477237	11.326328	12.24135	0.0	11.605975	12.023294	8.809091	8.549958	15.061009	8.563424	13.733415	9.09168	8.788302	10.855799	15.54844	9.049067	11.520827	9.046608	7.805889	8.858609	
M.mulatta 	1.974641	6.939358	3.279084	1.903654	1.89394	1.871176	8.635265	3.837763	3.68118	3.678738	11.605975	0.0	1.303433	9.492349	2.842747	3.609522	2.977475	1.884025	3.294476	3.557289	3.817415	3.394715	3.290161	3.945028	3.013447	11.12792	3.18279	
M.sylvanus	2.01606	6.300258	2.962358	1.928988	1.845331	1.853984	8.868304	3.708842	3.422227	3.671929	12.023294	1.303433	0.0	9.736688	2.822408	3.780017	2.961856	1.888903	3.023347	3.681951	3.881215	3.753877	2.955763	4.005429	3.055953	11.096633	3.154099	
N.coucang 	13.962602	8.735774	10.23379	14.916293	12.349047	14.096917	9.166873	10.697487	9.5348	10.152508	8.809091	9.492349	9.736688	0.0	12.797588	11.413264	10.21432	11.455411	9.673942	11.037377	10.14357	9.671101	10.655991	10.052246	12.051049	7.718088	11.666567	
N.larvatus	3.166725	5.289172	2.036867	2.954298	3.20348	3.04889	10.481851	4.750664	4.780164	4.31455	8.549958	2.842747	2.822408	12.797588	0.0	4.99384	1.954963	2.913299	1.721509	1.632158	4.379464	4.567829	1.464036	4.851861	1.670928	8.58471	1.668196	
P.abelii  	3.979801	6.707877	5.053452	3.923684	4.199225	3.77488	7.736254	1.962068	2.522511	1.900137	15.061009	3.609522	3.780017	11.413264	4.99384	0.0	5.843278	3.624475	5.678217	5.65184	1.964709	0.933777	5.750648	2.035429	5.310887	10.097998	6.576323	
P.badius  	3.567299	5.209359	1.937645	3.189961	3.285436	3.257172	10.451083	4.76545	4.701731	4.496031	8.563424	2.977475	2.961856	10.21432	1.954963	5.843278	0.0	3.225421	2.145137	2.085739	4.019386	5.502541	1.917004	4.320896	2.102684	8.004554	1.852032	
P.hamadrya	2.051187	7.189254	3.045269	2.020948	2.001063	2.042214	7.736285	4.12872	3.840325	4.186243	13.733415	1.884025	1.888903	11.455411	2.913299	3.624475	3.225421	0.0	3.510874	3.658803	4.326557	3.94768	3.331523	4.284685	3.267615	11.967405	3.424364	
P.melaloph	3.225321	5.451389	2.218476	3.003242	3.159261	3.071388	9.989174	4.511027	5.10725	4.982418	9.09168	3.294476	3.023347	9.673942	1.721509	5.678217	2.145137	3.510874	0.0	1.988315	4.559029	5.563713	1.8084	4.801428	1.845373	8.78297	1.707789	
P.nemaeus 	3.42012	5.226291	2.3735	3.106013	3.272417	3.268854	10.244824	5.309536	5.025336	5.202569	8.788302	3.557289	3.681951	11.037377	1.632158	5.65184	2.085739	3.658803	1.988315	0.0	4.407085	5.900605	1.61248	4.904401	1.956497	9.259203	1.914715	
P.paniscus	4.470688	5.772413	4.163138	4.078863	4.361674	3.947288	7.247042	1.240157	2.206439	1.056753	10.855799	3.817415	3.881215	10.14357	4.379464	1.964709	4.019386	4.326557	4.559029	4.407085	0.0	1.928302	4.807138	0.689668	4.633333	8.514775	4.216357	
P.pygmaeus	4.408964	6.918546	4.971885	4.272996	4.46491	4.302667	7.330615	1.985549	2.561748	1.963143	15.54844	3.394715	3.753877	9.671101	4.567829	0.933777	5.502541	3.94768	5.563713	5.900605	1.928302	0.0	5.664528	2.016564	5.382272	10.762596	5.811639	
P.roxellan	3.703456	5.486688	2.146514	3.35318	3.258587	3.384498	10.293994	5.168994	4.930442	5.080796	9.049067	3.290161	2.955763	10.655991	1.464036	5.750648	1.917004	3.331523	1.8084	1.61248	4.807138	5.664528	0.0	4.838918	1.756623	8.078802	1.617538	
P.troglody	4.572002	5.916536	4.476605	4.283213	4.451854	4.23628	7.761728	1.258218	2.189215	1.060372	11.520827	3.945028	4.005429	10.052246	4.851861	2.035429	4.320896	4.284685	4.801428	4.904401	0.689668	2.016564	4.838918	0.0	4.871994	8.924733	4.634927	
S.entellus	3.658323	5.297308	2.379509	3.317634	3.11617	3.377547	10.937549	5.100754	5.187463	4.912612	9.046608	3.013447	3.055953	12.051049	1.670928	5.310887	2.102684	3.267615	1.845373	1.956497	4.633333	5.382272	1.756623	4.871994	0.0	9.374672	1.7805	
T.bancanus	16.487216	7.001459	8.943928	16.160578	14.909464	14.309159	6.930127	9.674043	10.578516	9.377377	7.805889	11.12792	11.096633	7.718088	8.58471	10.097998	8.004554	11.967405	8.78297	9.259203	8.514775	10.762596	8.078802	8.924733	9.374672	0.0	8.933752	
T.obscurus	3.612781	5.59923	2.108353	3.180193	3.252372	3.221531	10.981262	5.492907	4.926198	5.23187	8.858609	3.18279	3.154099	11.666567	1.668196	6.576323	1.852032	3.424364	1.707789	1.914715	4.216357	5.811639	1.617538	4.634927	1.7805	8.933752	0.0	
