27
C.aethiops	0.0	2.877204	1.86506	0.582691	0.671768	0.553464	2.777494	2.020276	1.977824	1.885964	3.461166	1.260273	1.295641	3.610508	1.798256	1.727215	2.123703	1.286831	1.881653	1.933619	1.868765	1.847571	2.078023	1.948628	2.079483	3.672848	2.043804	
C.albifron	2.877204	0.0	2.544934	2.850784	2.728059	2.754983	3.176589	2.770076	2.992467	2.598173	3.092976	2.809718	2.617883	3.760371	2.266191	2.89255	2.333925	2.988955	2.346809	2.280076	2.562918	2.979736	2.281383	2.599206	2.283257	2.915669	2.388171	
C.guereza 	1.86506	2.544934	0.0	1.760371	1.811376	1.771966	3.177423	2.172148	2.403684	2.205319	3.360105	1.903529	1.75865	3.9083	1.395945	2.319419	1.416477	1.797715	1.480495	1.527267	2.050383	2.342571	1.446718	2.18479	1.550093	3.1427	1.461406	
C.pygeryth	0.582691	2.850784	1.760371	0.0	0.674107	0.572822	2.749826	1.926911	1.90439	1.835423	3.947954	1.230679	1.243464	3.780756	1.707327	1.768692	1.972578	1.284665	1.800293	1.836138	1.795729	1.889897	1.992967	1.882447	1.925684	3.691522	1.902458	
C.sabaeus 	0.671768	2.728059	1.811376	0.674107	0.0	0.663237	2.594737	2.001504	1.897793	1.86576	3.797594	1.218042	1.216831	3.474495	1.792543	1.86275	1.966786	1.28202	1.822216	1.853732	1.848909	1.892717	1.927648	1.88538	1.842537	3.607011	1.878128	
C.tantalus	0.553464	2.754983	1.771966	0.572822	0.663237	0.0	2.664125	1.935273	1.913325	1.801392	3.456675	1.218283	1.20672	3.659025	1.731335	1.701056	1.999102	1.280462	1.810504	1.878419	1.785596	1.809511	1.977209	1.895814	1.976961	3.458321	1.88734	
C.variegat	2.777494	3.176589	3.177423	2.749826	2.594737	2.664125	0.0	2.722642	2.642087	2.651223	0.886718	2.796386	2.76658	3.699441	3.000638	2.654082	3.497804	2.728585	3.232465	3.444473	2.500325	2.653259	3.322922	2.624646	3.394225	3.113241	3.267194	
G.gorilla 	2.020276	2.770076	2.172148	1.926911	2.001504	1.935273	2.722642	0.0	1.477213	0.985014	4.343635	1.915917	1.878355	3.685703	2.279327	1.257144	2.47227	1.932215	2.244781	2.531134	0.956424	1.283883	2.492363	0.981102	2.495555	3.361158	2.515481	
H.lar     	1.977824	2.992467	2.403684	1.90439	1.897793	1.913325	2.642087	1.477213	0.0	1.406459	4.024775	1.856383	1.787104	3.578418	2.44595	1.452312	2.655318	1.906487	2.611478	2.699187	1.416835	1.475992	2.636474	1.431555	2.656308	3.784401	2.578675	
H.sapiens 	1.885964	2.598173	2.205319	1.835423	1.86576	1.801392	2.651223	0.985014	1.406459	0.0	4.051345	1.829886	1.784105	3.678775	2.190294	1.208286	2.417002	1.927109	2.467184	2.472029	0.842091	1.258234	2.519534	0.852079	2.498189	3.29073	2.511119	
L.catta   	3.461166	3.092976	3.360105	3.947954	3.797594	3.456675	0.886718	4.343635	4.024775	4.051345	0.0	4.206796	4.181732	4.152106	3.209996	4.872677	3.415731	4.561635	3.353321	3.386336	3.869703	4.787786	3.525867	3.946471	3.464706	3.505355	3.282889	
M.mulatta 	1.260273	2.809718	1.903529	1.230679	1.218042	1.218283	2.796386	1.915917	1.856383	1.829886	4.206796	0.0	0.966095	3.338295	1.780849	1.790475	1.974365	1.267886	1.954205	2.018318	1.833644	1.721779	1.954802	1.877823	1.908292	3.549039	1.936157	
M.sylvanus	1.295641	2.617883	1.75865	1.243464	1.216831	1.20672	2.76658	1.878355	1.787104	1.784105	4.181732	0.966095	0.0	3.490614	1.734714	1.780267	1.967045	1.252563	1.868603	2.020599	1.804762	1.793833	1.812035	1.869893	1.889889	3.580915	1.898548	
N.coucang 	3.610508	3.760371	3.9083	3.780756	3.474495	3.659025	3.699441	3.685703	3.578418	3.678775	4.152106	3.338295	3.490614	0.0	3.948819	3.633365	4.110174	3.749047	3.425462	3.830365	3.558087	3.406119	3.983474	3.559582	4.227756	3.512817	4.255782	
N.larvatus	1.798256	2.266191	1.395945	1.707327	1.792543	1.731335	3.000638	2.279327	2.44595	2.190294	3.209996	1.780849	1.734714	3.948819	0.0	2.376929	1.35888	1.767246	1.220851	1.159199	2.170772	2.314417	1.085331	2.402367	1.194343	2.867027	1.193624	
P.abelii  	1.727215	2.89255	2.319419	1.768692	1.86275	1.701056	2.654082	1.257144	1.452312	1.208286	4.872677	1.790475	1.780267	3.633365	2.376929	0.0	2.906303	1.75378	2.680153	2.785183	1.252563	0.729197	2.755373	1.32539	2.737469	3.567662	2.990722	
P.badius  	2.123703	2.333925	1.416477	1.972578	1.966786	1.999102	3.497804	2.47227	2.655318	2.417002	3.415731	1.974365	1.967045	4.110174	1.35888	2.906303	0.0	2.047882	1.441007	1.373881	2.172739	2.849104	1.305858	2.235986	1.41103	2.979742	1.309221	
P.hamadrya	1.286831	2.988955	1.797715	1.284665	1.28202	1.280462	2.728585	1.932215	1.906487	1.927109	4.561635	1.267886	1.252563	3.749047	1.767246	1.75378	2.047882	0.0	2.051867	2.057923	1.871194	1.872828	1.98838	1.947434	1.970427	3.655808	2.06512	
P.melaloph	1.881653	2.346809	1.480495	1.800293	1.822216	1.810504	3.232465	2.244781	2.611478	2.467184	3.353321	1.954205	1.868603	3.425462	1.220851	2.680153	1.441007	2.051867	0.0	1.332034	2.212481	2.632589	1.248351	2.319208	1.282292	2.937988	1.211338	
P.nemaeus 	1.933619	2.280076	1.527267	1.836138	1.853732	1.878419	3.444473	2.531134	2.699187	2.472029	3.386336	2.018318	2.020599	3.830365	1.159199	2.785183	1.373881	2.057923	1.332034	0.0	2.282491	2.724853	1.143497	2.412252	1.34404	3.123943	1.309002	
P.paniscus	1.868765	2.562918	2.050383	1.795729	1.848909	1.785596	2.500325	0.956424	1.416835	0.842091	3.869703	1.833644	1.804762	3.558087	2.170772	1.252563	2.172739	1.871194	2.212481	2.282491	0.0	1.249085	2.326976	0.615644	2.355983	2.92638	2.201	
P.pygmaeus	1.847571	2.979736	2.342571	1.889897	1.892717	1.809511	2.653259	1.283883	1.475992	1.258234	4.787786	1.721779	1.793833	3.406119	2.314417	0.729197	2.849104	1.872828	2.632589	2.724853	1.249085	0.0	2.672232	1.310944	2.786087	3.67002	2.77603	
P.roxellan	2.078023	2.281383	1.446718	1.992967	1.927648	1.977209	3.322922	2.492363	2.636474	2.519534	3.525867	1.954802	1.812035	3.983474	1.085331	2.755373	1.305858	1.98838	1.248351	1.143497	2.326976	2.672232	0.0	2.387727	1.214211	2.952124	1.173685	
P.troglody	1.948628	2.599206	2.18479	1.882447	1.88538	1.895814	2.624646	0.981102	1.431555	0.852079	3.946471	1.877823	1.869893	3.559582	2.402367	1.32539	2.235986	1.947434	2.319208	2.412252	0.615644	1.310944	2.387727	0.0	2.435967	3.106162	2.361354	
S.entellus	2.079483	2.283257	1.550093	1.925684	1.842537	1.976961	3.394225	2.495555	2.656308	2.498189	3.464706	1.908292	1.889889	4.227756	1.194343	2.737469	1.41103	1.970427	1.282292	1.34404	2.355983	2.786087	1.214211	2.435967	0.0	3.110526	1.241987	
T.bancanus	3.672848	2.915669	3.1427	3.691522	3.607011	3.458321	3.113241	3.361158	3.784401	3.29073	3.505355	3.549039	3.580915	3.512817	2.867027	3.567662	2.979742	3.655808	2.937988	3.123943	2.92638	3.67002	2.952124	3.106162	3.110526	0.0	3.034227	
T.obscurus	2.043804	2.388171	1.461406	1.902458	1.878128	1.88734	3.267194	2.515481	2.578675	2.511119	3.282889	1.936157	1.898548	4.255782	1.193624	2.990722	1.309221	2.06512	1.211338	1.309002	2.201	2.77603	1.173685	2.361354	1.241987	3.034227	0.0	
