27
C.aethiops	0.0	5.419963	2.699778	0.608565	0.720076	0.574157	5.812828	3.320957	3.16883	3.104357	6.385641	1.66753	1.716895	7.754648	2.564872	2.878124	2.947228	1.720901	2.632852	2.752549	3.147124	3.152985	3.001575	3.245629	2.952356	8.532406	2.914829	
C.albifron	5.419963	0.0	4.355372	5.302169	5.00023	5.038679	6.107909	4.650428	4.978659	4.226266	5.474125	4.919844	4.481596	6.443844	3.818392	4.870997	3.865959	5.166404	4.00591	3.852931	4.208717	5.052647	3.928612	4.298705	3.877003	5.046992	4.071682	
C.guereza 	2.699778	4.355372	0.0	2.515222	2.640737	2.545998	5.96545	3.470943	3.613989	3.434723	5.986826	2.689189	2.444811	7.134914	1.775066	3.76792	1.732414	2.506641	1.916135	2.014948	3.16736	3.729273	1.855234	3.404383	2.030508	5.966208	1.844917	
C.pygeryth	0.608565	5.302169	2.515222	0.0	0.723436	0.598445	5.67825	3.091144	3.001744	3.011877	8.186124	1.61421	1.638425	8.226345	2.410809	2.891451	2.679191	1.703282	2.479062	2.543417	2.949307	3.124415	2.780067	3.091878	2.706342	8.496518	2.627475	
C.sabaeus 	0.720076	5.00023	2.640737	0.723436	0.0	0.712728	5.258192	3.26112	2.990262	3.084303	7.760551	1.604866	1.583292	7.260688	2.567571	3.075731	2.714404	1.692322	2.557023	2.63788	3.102944	3.185619	2.690203	3.156286	2.547756	8.13108	2.648768	
C.tantalus	0.574157	5.038679	2.545998	0.598445	0.712728	0.0	5.496437	3.085356	2.962105	2.882214	6.362234	1.591181	1.579593	7.822317	2.452858	2.765618	2.717972	1.707556	2.502484	2.641413	2.884476	3.055863	2.774222	3.068371	2.75517	7.747435	2.629998	
C.variegat	5.812828	6.107909	5.96545	5.67825	5.258192	5.496437	0.0	4.954118	4.770236	4.950855	0.828939	5.568341	5.567706	6.568177	6.233668	5.09036	6.757155	5.138247	6.360075	6.623187	4.722463	4.947439	6.521812	4.982451	6.788301	5.090527	6.653041	
G.gorilla 	3.320957	4.650428	3.470943	3.091144	3.26112	3.085356	4.954118	0.0	1.965207	1.161888	8.280008	2.965284	2.870825	7.069655	3.5672	1.668571	3.7313	3.076663	3.463838	3.990349	1.125676	1.687273	3.926016	1.146451	3.877046	6.338775	4.057952	
H.lar     	3.16883	4.978659	3.613989	3.001744	2.990262	2.962105	4.770236	1.965207	0.0	1.865073	7.537815	2.838486	2.694937	6.557397	3.678135	2.047897	3.84446	2.954242	3.988627	3.987497	1.875598	2.073757	3.902827	1.868544	4.020292	7.107526	3.865659	
H.sapiens 	3.104357	4.226266	3.434723	3.011877	3.084303	2.882214	4.950855	1.161888	1.865073	0.0	7.852344	2.840358	2.789662	6.818454	3.308472	1.603895	3.578756	3.10893	3.796215	3.903379	0.971549	1.657913	3.930783	0.977747	3.816519	6.19333	3.916505	
L.catta   	6.385641	5.474125	5.986826	8.186124	7.760551	6.362234	0.828939	8.280008	7.537815	7.852344	0.0	7.975265	8.030402	6.722688	5.962482	9.591347	6.070992	9.023821	6.206333	6.16782	7.165944	9.677299	6.420381	7.467297	6.319797	5.829006	6.067453	
M.mulatta 	1.66753	4.919844	2.689189	1.61421	1.604866	1.591181	5.568341	2.965284	2.838486	2.840358	7.975265	0.0	1.166214	6.312845	2.395838	2.795188	2.569322	1.629047	2.72478	2.865385	2.89623	2.651099	2.727657	2.975469	2.546299	7.12071	2.644817	
M.sylvanus	1.716895	4.481596	2.444811	1.638425	1.583292	1.579593	5.567706	2.870825	2.694937	2.789662	8.030402	1.166214	0.0	6.559377	2.356918	2.839498	2.565266	1.622552	2.54772	2.929348	2.891963	2.832374	2.476533	2.988248	2.556385	7.137956	2.617389	
N.coucang 	7.754648	6.443844	7.134914	8.226345	7.260688	7.822317	6.568177	7.069655	6.557397	6.818454	6.722688	6.312845	6.559377	0.0	7.960665	7.198518	7.324769	7.410972	6.482652	7.382367	6.670841	6.450596	7.3839	6.67069	8.053328	5.814137	7.970394	
N.larvatus	2.564872	3.818392	1.775066	2.410809	2.567571	2.452858	6.233668	3.5672	3.678135	3.308472	5.962482	2.395838	2.356918	7.960665	0.0	3.720025	1.719454	2.4273	1.521089	1.436089	3.349073	3.521628	1.308278	3.719022	1.473936	5.557428	1.474706	
P.abelii  	2.878124	4.870997	3.76792	2.891451	3.075731	2.765618	5.09036	1.668571	2.047897	1.603895	9.591347	2.795188	2.839498	7.198518	3.720025	0.0	4.572534	2.762475	4.298111	4.324872	1.670731	0.852037	4.335501	1.744923	4.169437	6.769402	4.869606	
P.badius  	2.947228	3.865959	1.732414	2.679191	2.714404	2.717972	6.757155	3.7313	3.84446	3.578756	6.070992	2.569322	2.565266	7.324769	1.719454	4.572534	0.0	2.734074	1.86	1.788906	3.17852	4.341709	1.668116	3.353608	1.818432	5.546727	1.640427	
P.hamadrya	1.720901	5.166404	2.506641	1.703282	1.692322	1.707556	5.138247	3.076663	2.954242	3.10893	9.023821	1.629047	1.622552	7.410972	2.4273	2.762475	2.734074	0.0	2.884228	2.921327	3.103905	2.983814	2.753355	3.149764	2.706833	7.519556	2.844594	
P.melaloph	2.632852	4.00591	1.916135	2.479062	2.557023	2.502484	6.360075	3.463838	3.988627	3.796215	6.206333	2.72478	2.54772	6.482652	1.521089	4.298111	1.86	2.884228	0.0	1.718986	3.456848	4.192425	1.583947	3.629157	1.619685	5.75346	1.508052	
P.nemaeus 	2.752549	3.852931	2.014948	2.543417	2.63788	2.641413	6.623187	3.990349	3.987497	3.903379	6.16782	2.865385	2.929348	7.382367	1.436089	4.324872	1.788906	2.921327	1.718986	0.0	3.447468	4.376444	1.421517	3.735433	1.70908	6.077406	1.665428	
P.paniscus	3.147124	4.208717	3.16736	2.949307	3.102944	2.884476	4.722463	1.125676	1.875598	0.971549	7.165944	2.89623	2.891963	6.670841	3.349073	1.670731	3.17852	3.103905	3.456848	3.447468	0.0	1.634456	3.655506	0.660661	3.593731	5.564751	3.283091	
P.pygmaeus	3.152985	5.052647	3.729273	3.124415	3.185619	3.055863	4.947439	1.687273	2.073757	1.657913	9.677299	2.651099	2.832374	6.450596	3.521628	0.852037	4.341709	2.983814	4.192425	4.376444	1.634456	0.0	4.24212	1.716552	4.22173	7.079399	4.407813	
P.roxellan	3.001575	3.928612	1.855234	2.780067	2.690203	2.774222	6.521812	3.926016	3.902827	3.930783	6.420381	2.727657	2.476533	7.3839	1.308278	4.335501	1.668116	2.753355	1.583947	1.421517	3.655506	4.24212	0.0	3.709743	1.53377	5.501553	1.43867	
P.troglody	3.245629	4.298705	3.404383	3.091878	3.156286	3.068371	4.982451	1.146451	1.868544	0.977747	7.467297	2.975469	2.988248	6.67069	3.719022	1.744923	3.353608	3.149764	3.629157	3.735433	0.660661	1.716552	3.709743	0.0	3.73943	5.871959	3.566276	
S.entellus	2.952356	3.877003	2.030508	2.706342	2.547756	2.75517	6.788301	3.877046	4.020292	3.816519	6.319797	2.546299	2.556385	8.053328	1.473936	4.169437	1.818432	2.706833	1.619685	1.70908	3.593731	4.22173	1.53377	3.73943	0.0	6.090672	1.55905	
T.bancanus	8.532406	5.046992	5.966208	8.496518	8.13108	7.747435	5.090527	6.338775	7.107526	6.19333	5.829006	7.12071	7.137956	5.814137	5.557428	6.769402	5.546727	7.519556	5.75346	6.077406	5.564751	7.079399	5.501553	5.871959	6.090672	0.0	5.848044	
T.obscurus	2.914829	4.071682	1.844917	2.627475	2.648768	2.629998	6.653041	4.057952	3.865659	3.916505	6.067453	2.644817	2.617389	7.970394	1.474706	4.869606	1.640427	2.844594	1.508052	1.665428	3.283091	4.407813	1.43867	3.566276	1.55905	5.848044	0.0	
