27
C.aethiops	0.0	4.109218	2.225678	0.592155	0.693363	0.560655	3.703061	2.42068	2.359727	2.230882	5.193187	1.386616	1.438564	5.631284	2.172388	1.958919	2.692694	1.419385	2.283211	2.373217	2.210432	2.135928	2.590516	2.343572	2.589589	5.884015	2.567424	
C.albifron	4.109218	0.0	3.172621	3.926868	3.757337	3.826466	4.404602	3.701006	4.136047	3.44179	4.10857	3.911997	3.573359	5.540839	2.674965	3.986594	2.736751	4.353211	2.820016	2.684488	3.366286	4.121822	2.673298	3.414725	2.635991	3.770503	2.825869	
C.guereza 	2.225678	3.172621	0.0	2.072859	2.161874	2.091761	4.448065	2.645088	3.013517	2.725636	4.640434	2.300765	2.098037	5.9746	1.536266	2.902068	1.560624	2.140684	1.633982	1.697728	2.480074	2.932191	1.601963	2.674395	1.714342	4.310782	1.611819	
C.pygeryth	0.592155	3.926868	2.072859	0.0	0.693763	0.580287	3.587771	2.277313	2.221527	2.126102	6.399311	1.341447	1.36072	5.960901	2.019776	2.032158	2.421772	1.408255	2.153407	2.219558	2.09151	2.198152	2.441364	2.220179	2.321554	5.786589	2.308656	
C.sabaeus 	0.693363	3.757337	2.161874	0.693763	0.0	0.681061	3.377131	2.420254	2.260288	2.2227	6.149612	1.328013	1.333886	5.451047	2.162886	2.203079	2.439843	1.413216	2.205014	2.249438	2.215641	2.232338	2.356513	2.264012	2.195967	5.788649	2.283133	
C.tantalus	0.560655	3.826466	2.091761	0.580287	0.681061	0.0	3.454632	2.294036	2.246356	2.113019	5.212478	1.329486	1.320533	5.763675	2.068325	1.928455	2.496834	1.409636	2.20258	2.297672	2.084477	2.078316	2.429094	2.257078	2.426082	5.296128	2.307939	
C.variegat	3.703061	4.404602	4.448065	3.587771	3.377131	3.454632	0.0	3.514127	3.316805	3.346345	0.857075	3.673852	3.68547	5.452182	4.125499	3.380248	5.177564	3.600231	4.647123	5.045213	3.099965	3.305494	4.801331	3.284565	4.861655	4.208221	4.653092	
G.gorilla 	2.42068	3.701006	2.645088	2.277313	2.420254	2.294036	3.514127	0.0	1.633819	1.034559	7.179839	2.252274	2.222194	5.613566	2.899077	1.351017	3.173025	2.292946	2.793509	3.305485	1.001764	1.380215	3.24645	1.032564	3.249936	4.795597	3.302005	
H.lar     	2.359727	4.136047	3.013517	2.221527	2.260288	2.246356	3.316805	1.633819	0.0	1.539743	6.302725	2.156401	2.079172	5.241295	3.189511	1.596034	3.44355	2.245736	3.439536	3.626154	1.55527	1.613921	3.474718	1.571457	3.478933	5.814818	3.34004	
H.sapiens 	2.230882	3.44179	2.725636	2.126102	2.2227	2.113019	3.346345	1.034559	1.539743	0.0	6.555057	2.121237	2.08847	5.596725	2.797656	1.285039	3.151592	2.286087	3.272154	3.224745	0.873232	1.348254	3.335628	0.887413	3.301374	4.806811	3.34977	
L.catta   	5.193187	4.10857	4.640434	6.399311	6.149612	5.212478	0.857075	7.179839	6.302725	6.555057	0.0	7.163227	7.321131	6.510141	4.339095	9.223322	4.668492	8.641097	4.593819	4.595285	6.151908	8.915103	4.912444	6.274211	4.72447	4.9484	4.422755	
M.mulatta 	1.386616	3.911997	2.300765	1.341447	1.328013	1.329486	3.673852	2.252274	2.156401	2.121237	7.163227	0.0	1.028797	4.956921	2.158263	2.053314	2.43513	1.399931	2.413597	2.476481	2.157596	1.94417	2.387059	2.200887	2.324549	5.507392	2.37809	
M.sylvanus	1.438564	3.573359	2.098037	1.36072	1.333886	1.320533	3.68547	2.222194	2.079172	2.08847	7.321131	1.028797	0.0	5.345292	2.09075	2.061721	2.442863	1.38477	2.29429	2.521176	2.121138	2.089141	2.180014	2.218111	2.296136	5.646103	2.329291	
N.coucang 	5.631284	5.540839	5.9746	5.960901	5.451047	5.763675	5.452182	5.613566	5.241295	5.596725	6.510141	4.956921	5.345292	0.0	6.249128	5.51627	6.17454	5.988024	4.945392	5.747687	5.362801	4.904499	6.106201	5.322332	6.465536	5.087103	6.774964	
N.larvatus	2.172388	2.674965	1.536266	2.019776	2.162886	2.068325	4.125499	2.899077	3.189511	2.797656	4.339095	2.158263	2.09075	6.249128	0.0	3.12965	1.447557	2.128685	1.300146	1.224109	2.752083	3.002271	1.13324	3.138103	1.257098	3.68359	1.263586	
P.abelii  	1.958919	3.986594	2.902068	2.032158	2.203079	1.928455	3.380248	1.351017	1.596034	1.285039	9.223322	2.053314	2.061721	5.51627	3.12965	0.0	4.070915	2.006668	3.665703	3.924721	1.342094	0.740947	3.846686	1.443953	3.829062	5.413305	4.374716	
P.badius  	2.692694	2.736751	1.560624	2.421772	2.439843	2.496834	5.177564	3.173025	3.44355	3.151592	4.668492	2.43513	2.442863	6.17454	1.447557	4.070915	0.0	2.594211	1.55706	1.459372	2.713719	3.886129	1.373268	2.797439	1.503545	3.803617	1.386645	
P.hamadrya	1.419385	4.353211	2.140684	1.408255	1.413216	1.409636	3.600231	2.292946	2.245736	2.286087	8.641097	1.399931	1.38477	5.988024	2.128685	2.006668	2.594211	0.0	2.545345	2.59828	2.204556	2.17215	2.455552	2.326211	2.427805	5.83572	2.596976	
P.melaloph	2.283211	2.820016	1.633982	2.153407	2.205014	2.20258	4.647123	2.793509	3.439536	3.272154	4.593819	2.413597	2.29429	4.945392	1.300146	3.665703	1.55706	2.545345	0.0	1.428637	2.801632	3.532131	1.317649	2.952908	1.359507	3.789875	1.276379	
P.nemaeus 	2.373217	2.684488	1.697728	2.219558	2.249438	2.297672	5.045213	3.305485	3.626154	3.224745	4.595285	2.476481	2.521176	5.747687	1.224109	3.924721	1.459372	2.59828	1.428637	0.0	2.910872	3.705127	1.193123	3.132674	1.426549	4.043004	1.392784	
P.paniscus	2.210432	3.366286	2.480074	2.09151	2.215641	2.084477	3.099965	1.001764	1.55527	0.873232	6.151908	2.157596	2.121138	5.362801	2.752083	1.342094	2.713719	2.204556	2.801632	2.910872	0.0	1.34137	2.986145	0.626133	3.033678	3.942073	2.79644	
P.pygmaeus	2.135928	4.121822	2.932191	2.198152	2.232338	2.078316	3.305494	1.380215	1.613921	1.348254	8.915103	1.94417	2.089141	4.904499	3.002271	0.740947	3.886129	2.17215	3.532131	3.705127	1.34137	0.0	3.644014	1.416562	3.780857	5.562814	3.802387	
P.roxellan	2.590516	2.673298	1.601963	2.441364	2.356513	2.429094	4.801331	3.24645	3.474718	3.335628	4.912444	2.387059	2.180014	6.106201	1.13324	3.846686	1.373268	2.455552	1.317649	1.193123	2.986145	3.644014	0.0	3.060427	1.270988	3.740823	1.233808	
P.troglody	2.343572	3.414725	2.674395	2.220179	2.264012	2.257078	3.284565	1.032564	1.571457	0.887413	6.274211	2.200887	2.218111	5.322332	3.138103	1.443953	2.797439	2.326211	2.952908	3.132674	0.626133	1.416562	3.060427	0.0	3.178575	4.293995	3.033839	
S.entellus	2.589589	2.635991	1.714342	2.321554	2.195967	2.426082	4.861655	3.249936	3.478933	3.301374	4.72447	2.324549	2.296136	6.465536	1.257098	3.829062	1.503545	2.427805	1.359507	1.426549	3.033678	3.780857	1.270988	3.178575	0.0	3.990017	1.305521	
T.bancanus	5.884015	3.770503	4.310782	5.786589	5.788649	5.296128	4.208221	4.795597	5.814818	4.806811	4.9484	5.507392	5.646103	5.087103	3.68359	5.413305	3.803617	5.83572	3.789875	4.043004	3.942073	5.562814	3.740823	4.293995	3.990017	0.0	3.917081	
T.obscurus	2.567424	2.825869	1.611819	2.308656	2.283133	2.307939	4.653092	3.302005	3.34004	3.34977	4.422755	2.37809	2.329291	6.774964	1.263586	4.374716	1.386645	2.596976	1.276379	1.392784	2.79644	3.802387	1.233808	3.033839	1.305521	3.917081	0.0	
