27
C.aethiops	0.0	4.652516	2.358166	0.600011	0.703786	0.567592	4.056184	2.587817	2.526132	2.3969	5.658127	1.430652	1.485122	6.301259	2.303722	2.080522	2.894146	1.471454	2.427674	2.513038	2.387397	2.296776	2.782704	2.526193	2.769217	7.179021	2.755095	
C.albifron	4.652516	0.0	3.470675	4.437806	4.237906	4.306426	4.989945	4.144774	4.707154	3.873168	4.477978	4.424427	3.977208	6.26642	2.848192	4.518683	2.930435	4.970265	3.036811	2.867368	3.806813	4.740494	2.864677	3.866656	2.810189	4.201781	3.03572	
C.guereza 	2.358166	3.470675	0.0	2.189927	2.289036	2.214334	4.997503	2.856207	3.292296	2.975102	5.088274	2.437923	2.215125	6.752897	1.590031	3.195788	1.615069	2.271785	1.702211	1.763054	2.71326	3.231352	1.67283	2.919188	1.786803	4.909454	1.676141	
C.pygeryth	0.600011	4.437806	2.189927	0.0	0.703667	0.587454	3.923106	2.431421	2.367342	2.275061	7.259578	1.383931	1.40439	6.778792	2.138472	2.165222	2.589725	1.458513	2.288319	2.352115	2.250619	2.367741	2.620807	2.385444	2.474435	7.048813	2.460936	
C.sabaeus 	0.703786	4.237906	2.289036	0.703667	0.0	0.690791	3.67885	2.5826	2.407126	2.381982	6.993053	1.371873	1.375615	6.141797	2.281198	2.347117	2.61132	1.461177	2.338813	2.39048	2.387865	2.395843	2.528997	2.4363	2.334306	6.996221	2.437161	
C.tantalus	0.567592	4.306426	2.214334	0.587454	0.690791	0.0	3.770269	2.451441	2.394604	2.263816	5.734792	1.370784	1.360237	6.544942	2.192566	2.04262	2.682512	1.46067	2.340866	2.43897	2.243098	2.231288	2.602907	2.424953	2.589482	6.351157	2.464024	
C.variegat	4.056184	4.989945	4.997503	3.923106	3.67885	3.770269	0.0	3.868909	3.616527	3.693638	0.85658	4.044388	4.045395	5.969894	4.536452	3.73226	5.892339	3.953837	5.290726	5.653276	3.439611	3.636178	5.491441	3.648874	5.511402	4.674712	5.273669	
G.gorilla 	2.587817	4.144774	2.856207	2.431421	2.5826	2.451441	3.868909	0.0	1.707203	1.066109	8.365003	2.396397	2.357488	6.404628	3.1412	1.405299	3.460584	2.442171	3.040056	3.586648	1.033482	1.440856	3.584741	1.063647	3.58669	5.621443	3.63566	
H.lar     	2.526132	4.707154	3.292296	2.367342	2.407126	2.394604	3.616527	1.707203	0.0	1.615177	7.085287	2.289085	2.198045	5.80983	3.474798	1.675854	3.778889	2.396068	3.820951	3.995056	1.637538	1.699692	3.842927	1.651326	3.85472	7.005849	3.687287	
H.sapiens 	2.3969	3.873168	2.975102	2.275061	2.381982	2.263816	3.693638	1.066109	1.615177	0.0	7.650773	2.258644	2.226043	6.396448	3.051608	1.337122	3.471799	2.454957	3.635022	3.539937	0.898617	1.40781	3.734288	0.91109	3.66509	5.704272	3.751666	
L.catta   	5.658127	4.477978	5.088274	7.259578	6.993053	5.734792	0.85658	8.365003	7.085287	7.650773	0.0	8.303855	8.519392	7.015018	4.661782	11.337927	5.089959	10.360754	5.029741	4.998196	7.227066	10.997109	5.463182	7.42403	5.148989	5.470667	4.78755	
M.mulatta 	1.430652	4.424427	2.437923	1.383931	1.371873	1.370784	4.044388	2.396397	2.289085	2.258644	8.303855	0.0	1.051846	5.46482	2.263924	2.17617	2.593535	1.44639	2.577475	2.628211	2.308862	2.055518	2.549408	2.356274	2.471797	6.521704	2.5425	
M.sylvanus	1.485122	3.977208	2.215125	1.40439	1.375615	1.360237	4.045395	2.357488	2.198045	2.226043	8.519392	1.051846	0.0	5.88248	2.196832	2.185056	2.608033	1.429183	2.445712	2.673326	2.2742	2.216124	2.317379	2.373064	2.437781	6.75324	2.489168	
N.coucang 	6.301259	6.26642	6.752897	6.778792	6.141797	6.544942	5.969894	6.404628	5.80983	6.396448	7.015018	5.46482	5.88248	0.0	6.98707	6.222142	6.937265	6.701072	5.420543	6.366679	6.211795	5.490847	6.973635	6.139535	7.390144	5.631619	7.724203	
N.larvatus	2.303722	2.848192	1.590031	2.138472	2.281198	2.192566	4.536452	3.1412	3.474798	3.051608	4.661782	2.263924	2.196832	6.98707	0.0	3.44606	1.488853	2.253132	1.33333	1.25388	3.014027	3.285781	1.161456	3.44481	1.289207	4.054247	1.294995	
P.abelii  	2.080522	4.518683	3.195788	2.165222	2.347117	2.04262	3.73226	1.405299	1.675854	1.337122	11.337927	2.17617	2.185056	6.222142	3.44606	0.0	4.618697	2.127244	4.091863	4.344816	1.404372	0.755956	4.34132	1.509947	4.331187	6.585395	5.002543	
P.badius  	2.894146	2.930435	1.615069	2.589725	2.61132	2.682512	5.892339	3.460584	3.778889	3.471799	5.089959	2.593535	2.608033	6.937265	1.488853	4.618697	0.0	2.78257	1.610057	1.50387	2.971399	4.368265	1.417551	3.072488	1.553873	4.197977	1.427332	
P.hamadrya	1.471454	4.970265	2.271785	1.458513	1.461177	1.46067	3.953837	2.442171	2.396068	2.454957	10.360754	1.44639	1.429183	6.701072	2.253132	2.127244	2.78257	0.0	2.740574	2.769677	2.372531	2.318361	2.638541	2.502365	2.59793	7.019295	2.798864	
P.melaloph	2.427674	3.036811	1.702211	2.288319	2.338813	2.340866	5.290726	3.040056	3.820951	3.635022	5.029741	2.577475	2.445712	5.420543	1.33333	4.091863	1.610057	2.740574	0.0	1.47303	3.08496	3.945812	1.357921	3.262351	1.401401	4.190832	1.311373	
P.nemaeus 	2.513038	2.867368	1.763054	2.352115	2.39048	2.43897	5.653276	3.586648	3.995056	3.539937	4.998196	2.628211	2.673326	6.366679	1.25388	4.344816	1.50387	2.769677	1.47303	0.0	3.194435	4.101299	1.225076	3.461063	1.468538	4.469835	1.434011	
P.paniscus	2.387397	3.806813	2.71326	2.250619	2.387865	2.243098	3.439611	1.033482	1.637538	0.898617	7.227066	2.308862	2.2742	6.211795	3.014027	1.404372	2.971399	2.372531	3.08496	3.194435	0.0	1.403194	3.337108	0.637465	3.381199	4.568281	3.086359	
P.pygmaeus	2.296776	4.740494	3.231352	2.367741	2.395843	2.231288	3.636178	1.440856	1.699692	1.40781	10.997109	2.055518	2.216124	5.490847	3.285781	0.755956	4.368265	2.318361	3.945812	4.101299	1.403194	0.0	4.099515	1.482378	4.27401	6.798262	4.304177	
P.roxellan	2.782704	2.864677	1.67283	2.620807	2.528997	2.602907	5.491441	3.584741	3.842927	3.734288	5.463182	2.549408	2.317379	6.973635	1.161456	4.34132	1.417551	2.638541	1.357921	1.225076	3.337108	4.099515	0.0	3.41072	1.308605	4.148583	1.267688	
P.troglody	2.526193	3.866656	2.919188	2.385444	2.4363	2.424953	3.648874	1.063647	1.651326	0.91109	7.42403	2.356274	2.373064	6.139535	3.44481	1.509947	3.072488	2.502365	3.262351	3.461063	0.637465	1.482378	3.41072	0.0	3.550743	4.996995	3.369021	
S.entellus	2.769217	2.810189	1.786803	2.474435	2.334306	2.589482	5.511402	3.58669	3.85472	3.66509	5.148989	2.471797	2.437781	7.390144	1.289207	4.331187	1.553873	2.59793	1.401401	1.468538	3.381199	4.27401	1.308605	3.550743	0.0	4.444466	1.342019	
T.bancanus	7.179021	4.201781	4.909454	7.048813	6.996221	6.351157	4.674712	5.621443	7.005849	5.704272	5.470667	6.521704	6.75324	5.631619	4.054247	6.585395	4.197977	7.019295	4.190832	4.469835	4.568281	6.798262	4.148583	4.996995	4.444466	0.0	4.356149	
T.obscurus	2.755095	3.03572	1.676141	2.460936	2.437161	2.464024	5.273669	3.63566	3.687287	3.751666	4.78755	2.5425	2.489168	7.724203	1.294995	5.002543	1.427332	2.798864	1.311373	1.434011	3.086359	4.304177	1.267688	3.369021	1.342019	4.356149	0.0	
