27
C.aethiops	0.0	-4.247581	-5.313391	9.318905	35.28388	7.125818	-4.913577	-4.944672	-4.995607	-5.216221	-5.08451	-7.198186	-7.169857	-4.693517	-5.146259	-5.911189	-4.404454	-6.900992	-4.855432	-4.913466	-5.561683	-5.492307	-4.741299	-5.248561	-4.46752	-4.574723	-4.736371	
C.albifron	-4.247581	0.0	-4.748635	-4.331812	-4.281053	-4.226433	-4.750512	-4.421666	-4.227925	-4.491296	-6.202852	-4.179786	-4.381462	-4.654925	-4.987282	-4.3781	-4.761947	-4.17271	-4.76014	-5.207006	-4.603954	-4.267046	-5.001761	-4.583634	-4.936334	-5.46534	-4.785435	
C.guereza 	-5.313391	-4.748635	0.0	-5.7062	-5.767664	-5.517045	-4.648979	-5.159039	-4.685768	-5.010835	-5.859763	-5.318759	-5.630395	-4.741407	-7.520775	-5.113436	-7.114755	-5.441197	-6.858885	-7.023631	-5.494014	-4.892153	-6.81703	-5.376736	-6.44385	-5.24999	-6.757384	
C.pygeryth	9.318905	-4.331812	-5.7062	0.0	29.95992	8.394884	-5.18464	-5.407964	-5.396358	-5.613752	-5.170668	-7.764543	-7.710555	-4.649865	-5.58235	-5.704604	-4.670154	-7.025136	-5.098661	-5.277631	-5.928805	-5.39537	-4.885012	-5.650366	-4.911698	-4.612142	-5.210913	
C.sabaeus 	35.28388	-4.281053	-5.767664	29.95992	0.0	26.573486	-5.178525	-5.348611	-5.315582	-5.583056	-5.126314	-7.65511	-8.147932	-4.71446	-5.286269	-5.808869	-4.732562	-7.61956	-5.066099	-5.274692	-5.837214	-5.49654	-4.939239	-5.573331	-4.896936	-4.618634	-5.162069	
C.tantalus	7.125818	-4.226433	-5.517045	8.394884	26.573486	0.0	-5.10724	-5.251839	-5.13253	-5.405329	-5.045703	-7.635523	-8.067824	-4.618553	-5.286266	-5.862322	-4.54926	-7.163116	-4.837496	-5.07943	-5.710539	-5.595418	-4.864739	-5.389822	-4.58587	-4.614214	-5.111344	
C.variegat	-4.913577	-4.750512	-4.648979	-5.18464	-5.178525	-5.10724	0.0	-5.016414	-5.043081	-5.152777	-7.006377	-4.816796	-4.901199	-5.09826	-4.911877	-5.188791	-4.405735	-4.96701	-4.43061	-4.500675	-5.315209	-5.257163	-4.52419	-5.185195	-4.344711	-5.558525	-4.541626	
G.gorilla 	-4.944672	-4.421666	-5.159039	-5.407964	-5.348611	-5.251839	-5.016414	0.0	-7.003566	-15.155089	-5.029313	-5.608555	-5.65889	-4.870249	-4.841706	-9.020798	-4.569254	-5.59679	-4.817975	-4.62726	-20.313717	-7.659861	-4.663369	-15.654427	-4.478282	-4.849943	-4.730476	
H.lar     	-4.995607	-4.227925	-4.685768	-5.396358	-5.315582	-5.13253	-5.043081	-7.003566	0.0	-7.201637	-4.825546	-5.480391	-5.957683	-4.6845	-4.531469	-7.690332	-4.376795	-5.28303	-4.36091	-4.314907	-7.422714	-7.263551	-4.321249	-7.218824	-4.168183	-4.54501	-4.407806	
H.sapiens 	-5.216221	-4.491296	-5.010835	-5.613752	-5.583056	-5.405329	-5.152777	-15.155089	-7.201637	0.0	-5.167182	-5.677635	-5.78438	-4.756605	-4.72149	-10.163798	-4.4729	-5.406706	-4.414928	-4.649495	-35.882247	-8.321405	-4.619593	-42.840228	-4.329638	-4.864768	-4.519672	
L.catta   	-5.08451	-6.202852	-5.859763	-5.170668	-5.126314	-5.045703	-7.006377	-5.029313	-4.825546	-5.167182	0.0	-4.919624	-4.827512	-5.956622	-6.041416	-4.589218	-5.751278	-4.683771	-5.870248	-5.806924	-5.275045	-4.640076	-5.676343	-5.493022	-5.685916	-6.51944	-6.131366	
M.mulatta 	-7.198186	-4.179786	-5.318759	-7.764543	-7.65511	-7.635523	-4.816796	-5.608555	-5.480391	-5.677635	-4.919624	0.0	-16.793491	-4.925294	-5.366805	-6.373123	-4.542137	-7.791939	-4.790865	-4.999929	-5.657281	-6.087881	-4.802644	-5.565523	-4.677714	-4.457527	-4.850055	
M.sylvanus	-7.169857	-4.381462	-5.630395	-7.710555	-8.147932	-8.067824	-4.901199	-5.65889	-5.957683	-5.78438	-4.827512	-16.793491	0.0	-4.799517	-5.392038	-5.911114	-4.591402	-8.062816	-4.854285	-4.984131	-5.955247	-5.777024	-5.170688	-5.692009	-4.854803	-4.494483	-4.982725	
N.coucang 	-4.693517	-4.654925	-4.741407	-4.649865	-4.71446	-4.618553	-5.09826	-4.870249	-4.6845	-4.756605	-5.956622	-4.925294	-4.799517	0.0	-4.640591	-4.815968	-4.626205	-4.618082	-4.77515	-4.830266	-4.898447	-4.845168	-4.557707	-4.988787	-4.521097	-5.567734	-4.475518	
N.larvatus	-5.146259	-4.987282	-7.520775	-5.58235	-5.286269	-5.286266	-4.911877	-4.841706	-4.531469	-4.72149	-6.041416	-5.366805	-5.392038	-4.640591	0.0	-4.502893	-7.743622	-5.260568	-8.626957	-10.360948	-4.920071	-4.624024	-11.428596	-4.830363	-8.05695	-5.540593	-9.647274	
P.abelii  	-5.911189	-4.3781	-5.113436	-5.704604	-5.808869	-5.862322	-5.188791	-9.020798	-7.690332	-10.163798	-4.589218	-6.373123	-5.911114	-4.815968	-4.502893	0.0	-4.258441	-6.059164	-4.395283	-4.205229	-9.038773	18.077651	-4.389113	-7.766115	-4.183368	-4.582117	-4.264961	
P.badius  	-4.404454	-4.761947	-7.114755	-4.670154	-4.732562	-4.54926	-4.405735	-4.569254	-4.376795	-4.4729	-5.751278	-4.542137	-4.591402	-4.626205	-7.743622	-4.258441	0.0	-4.536652	-7.038359	-7.643004	-4.82952	-4.198424	-7.914156	-4.756596	-6.556891	-5.481542	-7.508426	
P.hamadrya	-6.900992	-4.17271	-5.441197	-7.025136	-7.61956	-7.163116	-4.96701	-5.59679	-5.28303	-5.406706	-4.683771	-7.791939	-8.062816	-4.618082	-5.260568	-6.059164	-4.536652	0.0	-4.784424	-4.854987	-5.607906	-5.82897	-4.763429	-5.511821	-4.678196	-4.567172	-4.656061	
P.melaloph	-4.855432	-4.76014	-6.858885	-5.098661	-5.066099	-4.837496	-4.43061	-4.817975	-4.36091	-4.414928	-5.870248	-4.790865	-4.854285	-4.77515	-8.626957	-4.395283	-7.038359	-4.784424	0.0	-7.698846	-4.962165	-4.354604	-8.715077	-4.79161	-8.011438	-5.290761	-9.463594	
P.nemaeus 	-4.913466	-5.207006	-7.023631	-5.277631	-5.274692	-5.07943	-4.500675	-4.62726	-4.314907	-4.649495	-5.806924	-4.999929	-4.984131	-4.830266	-10.360948	-4.205229	-7.643004	-4.854987	-7.698846	0.0	-4.926952	-4.305127	-10.319343	-4.816085	-7.771525	-5.409866	-7.993847	
P.paniscus	-5.561683	-4.603954	-5.494014	-5.928805	-5.837214	-5.710539	-5.315209	-20.313717	-7.422714	-35.882247	-5.275045	-5.657281	-5.955247	-4.898447	-4.920071	-9.038773	-4.82952	-5.607906	-4.962165	-4.926952	0.0	-8.917784	-4.810119	8.959915	-4.643291	-5.601565	-5.003135	
P.pygmaeus	-5.492307	-4.267046	-4.892153	-5.39537	-5.49654	-5.595418	-5.257163	-7.659861	-7.263551	-8.321405	-4.640076	-6.087881	-5.777024	-4.845168	-4.624024	18.077651	-4.198424	-5.82897	-4.354604	-4.305127	-8.917784	0.0	-4.361561	-8.123418	-4.087659	-4.606272	-4.429739	
P.roxellan	-4.741299	-5.001761	-6.81703	-4.885012	-4.939239	-4.864739	-4.52419	-4.663369	-4.321249	-4.619593	-5.676343	-4.802644	-5.170688	-4.557707	-11.428596	-4.389113	-7.914156	-4.763429	-8.715077	-10.319343	-4.810119	-4.361561	0.0	-4.824841	-8.941343	-5.520892	-8.915617	
P.troglody	-5.248561	-4.583634	-5.376736	-5.650366	-5.573331	-5.389822	-5.185195	-15.654427	-7.218824	-42.840228	-5.493022	-5.565523	-5.692009	-4.988787	-4.830363	-7.766115	-4.756596	-5.511821	-4.79161	-4.816085	8.959915	-8.123418	-4.824841	0.0	-4.49703	-5.334633	-4.881832	
S.entellus	-4.46752	-4.936334	-6.44385	-4.911698	-4.896936	-4.58587	-4.344711	-4.478282	-4.168183	-4.329638	-5.685916	-4.677714	-4.854803	-4.521097	-8.05695	-4.183368	-6.556891	-4.678196	-8.011438	-7.771525	-4.643291	-4.087659	-8.941343	-4.49703	0.0	-5.281848	-8.541596	
T.bancanus	-4.574723	-5.46534	-5.24999	-4.612142	-4.618634	-4.614214	-5.558525	-4.849943	-4.54501	-4.864768	-6.51944	-4.457527	-4.494483	-5.567734	-5.540593	-4.582117	-5.481542	-4.567172	-5.290761	-5.409866	-5.601565	-4.606272	-5.520892	-5.334633	-5.281848	0.0	-5.273619	
T.obscurus	-4.736371	-4.785435	-6.757384	-5.210913	-5.162069	-5.111344	-4.541626	-4.730476	-4.407806	-4.519672	-6.131366	-4.850055	-4.982725	-4.475518	-9.647274	-4.264961	-7.508426	-4.656061	-9.463594	-7.993847	-5.003135	-4.429739	-8.915617	-4.881832	-8.541596	-5.273619	0.0	
