27
C.aethiops	0.0	-5.133178	11.124596	2.213803	2.552973	2.214939	2.470528	2.358282	2.312757	2.220298	-1.468326	2.993814	3.425139	17.18643	-2.632641	4.104976	-1.605044	2.394179	-1.623657	-1.99454	2.009437	3.419862	-1.700186	2.13326	-1.433633	-3.83413	-1.621692	
C.albifron	-5.133178	0.0	1.889388	-27.360624	-6.265407	-6.369608	21.969954	-6.820945	-1.994425	-3.069928	2.694741	-4.208812	-4.65372	2.735416	2.352602	-1.121885	2.803009	-6.904707	2.610113	2.621701	11.717993	-1.333236	2.640168	19.678209	2.625439	2.39126	2.880437	
C.guereza 	11.124596	1.889388	0.0	4.558214	7.119843	8.849369	3.095232	4.91593	-13.490744	11.926942	3.86538	12.342542	22.566736	2.848429	2.108589	-2.478328	2.10248	6.086155	1.907759	2.177021	2.803433	-3.289902	1.985083	3.096663	2.644671	2.77991	2.00599	
C.pygeryth	2.213803	-27.360624	4.558214	0.0	2.421175	2.495933	2.442691	2.219298	2.211742	2.15293	-1.826099	2.811998	3.275361	6.395771	-4.726154	4.000135	-2.181157	2.259731	-2.334122	-3.112681	1.950334	3.18032	-2.470013	2.081706	-1.967641	-7.499933	-2.348788	
C.sabaeus 	2.552973	-6.265407	7.119843	2.421175	0.0	2.729687	2.225828	2.241622	2.26536	2.190769	-1.554399	2.754396	2.958284	11.824295	-3.022775	4.839357	-1.721005	2.056509	-1.751286	-2.318821	1.992771	3.621142	-1.863805	2.170892	-1.558019	-4.208711	-1.773119	
C.tantalus	2.214939	-6.369608	8.849369	2.495933	2.729687	0.0	2.45321	2.323393	2.173467	2.129591	-1.465078	2.718877	3.035233	18.262383	-2.668189	3.652156	-1.578659	2.219886	-1.693149	-2.126076	2.069455	2.893292	-1.796601	2.18581	-1.483645	-3.677992	-1.701958	
C.variegat	2.470528	21.969954	3.095232	2.442691	2.225828	2.45321	0.0	2.605125	3.076359	2.769909	-2.208206	2.947982	2.920324	5.51666	-11.300147	4.081154	-3.641922	3.900521	-3.055334	-4.508379	2.278983	3.219056	-3.359356	2.282966	-2.58087	34.757953	-3.497817	
G.gorilla 	2.358282	-6.820945	4.91593	2.219298	2.241622	2.323393	2.605125	0.0	2.335886	2.570523	-1.370797	2.872659	2.823515	24.697174	-3.568414	2.449768	-2.304869	2.651065	-1.851749	-2.255246	2.736602	2.368921	-2.125267	3.011276	-1.747676	-5.65191	-2.282772	
H.lar     	2.312757	-1.994425	-13.490744	2.211742	2.26536	2.173467	3.076359	2.335886	0.0	2.482483	-0.930394	2.458824	2.373059	-3.182141	-1.471923	2.218316	-1.214188	2.560755	-1.074606	-1.222713	2.259704	2.309143	-1.148003	2.257349	-1.037376	-1.951958	-1.169792	
H.sapiens 	2.220298	-3.069928	11.926942	2.15293	2.190769	2.129591	2.769909	2.570523	2.482483	0.0	-1.084422	2.685353	2.511685	-7.225272	-2.022655	2.35463	-1.52284	2.41817	-1.368409	-1.585046	2.188785	2.463154	-1.484601	2.315927	-1.305503	-2.758107	-1.567333	
L.catta   	-1.468326	2.694741	3.86538	-1.826099	-1.554399	-1.465078	-2.208206	-1.370797	-0.930394	-1.084422	0.0	-1.465341	-1.378456	4.995607	3.236783	-0.720417	2.575393	-1.334156	2.97289	3.90425	-1.792452	-0.766255	2.977365	-1.726772	2.994974	2.945965	2.670991	
M.mulatta 	2.993814	-4.208812	12.342542	2.811998	2.754396	2.718877	2.947982	2.872659	2.458824	2.685353	-1.465341	0.0	3.439864	25.079214	-2.67406	5.320095	-1.604647	2.585828	-1.590077	-2.000172	2.506124	4.147731	-1.637269	2.670811	-1.422236	-3.642716	-1.573736	
M.sylvanus	3.425139	-4.65372	22.566736	3.275361	2.958284	3.035233	2.920324	2.823515	2.373059	2.511685	-1.378456	3.439864	0.0	143.863039	-2.524982	4.889294	-1.499467	2.620175	-1.532388	-1.919971	2.476149	3.831747	-1.612533	2.512457	-1.367147	-3.255316	-1.553859	
N.coucang 	17.18643	2.735416	2.848429	6.395771	11.824295	18.262383	5.51666	24.697174	-3.182141	-7.225272	4.995607	25.079214	143.863039	0.0	4.33076	-1.591141	5.971746	-31.824866	4.883223	4.639477	8.425848	-1.921126	6.183003	8.816847	14.506145	4.624895	13.039135	
N.larvatus	-2.632641	2.352602	2.108589	-4.726154	-3.022775	-2.668189	-11.300147	-3.568414	-1.471923	-2.022655	3.236783	-2.67406	-2.524982	4.33076	0.0	-0.976659	2.408308	-2.821241	1.900733	2.440621	-8.378003	-1.090998	1.882696	-5.878547	2.47706	3.30721	2.391633	
P.abelii  	4.104976	-1.121885	-2.478328	4.000135	4.839357	3.652156	4.081154	2.449768	2.218316	2.35463	-0.720417	5.320095	4.889294	-1.591141	-0.976659	0.0	-0.882062	2.987379	-0.790025	-0.861457	2.753056	2.620547	-0.829719	2.903346	-0.77409	-1.177399	-0.854392	
P.badius  	-1.605044	2.803009	2.10248	-2.181157	-1.721005	-1.578659	-3.641922	-2.304869	-1.214188	-1.52284	2.575393	-1.604647	-1.499467	5.971746	2.408308	-0.882062	0.0	-1.589998	2.249487	2.757506	-4.044216	-0.962632	2.723468	-3.532715	2.881601	2.226341	2.886491	
P.hamadrya	2.394179	-6.904707	6.086155	2.259731	2.056509	2.219886	3.900521	2.651065	2.560755	2.41817	-1.334156	2.585828	2.620175	-31.824866	-2.821241	2.987379	-1.589998	0.0	-1.668281	-2.027536	2.346501	2.590531	-1.698188	2.299491	-1.454386	-3.704996	-1.724758	
P.melaloph	-1.623657	2.610113	1.907759	-2.334122	-1.751286	-1.693149	-3.055334	-1.851749	-1.074606	-1.368409	2.97289	-1.590077	-1.532388	4.883223	1.900733	-0.790025	2.249487	-1.668281	0.0	2.733296	-3.249081	-0.871241	2.632796	-2.894098	2.153171	2.305822	2.330127	
P.nemaeus 	-1.99454	2.621701	2.177021	-3.112681	-2.318821	-2.126076	-4.508379	-2.255246	-1.222713	-1.585046	3.90425	-2.000172	-1.919971	4.639477	2.440621	-0.861457	2.757506	-2.027536	2.733296	0.0	-4.262522	-0.944849	2.935056	-3.7632	3.066209	2.643192	3.064512	
P.paniscus	2.009437	11.717993	2.803433	1.950334	1.992771	2.069455	2.278983	2.736602	2.259704	2.188785	-1.792452	2.506124	2.476149	8.425848	-8.378003	2.753056	-4.044216	2.346501	-3.249081	-4.262522	0.0	2.362117	-3.833701	2.224447	-2.561381	50.394117	-4.706412	
P.pygmaeus	3.419862	-1.333236	-3.289902	3.18032	3.621142	2.893292	3.219056	2.368921	2.309143	2.463154	-0.766255	4.147731	3.831747	-1.921126	-1.090998	2.620547	-0.962632	2.590531	-0.871241	-0.944849	2.362117	0.0	-0.91205	2.605753	-0.850571	-1.335658	-0.954134	
P.roxellan	-1.700186	2.640168	1.985083	-2.470013	-1.863805	-1.796601	-3.359356	-2.125267	-1.148003	-1.484601	2.977365	-1.637269	-1.612533	6.183003	1.882696	-0.829719	2.723468	-1.698188	2.632796	2.935056	-3.833701	-0.91205	0.0	-3.294871	2.415849	2.227934	2.804165	
P.troglody	2.13326	19.678209	3.096663	2.081706	2.170892	2.18581	2.282966	3.011276	2.257349	2.315927	-1.726772	2.670811	2.512457	8.816847	-5.878547	2.903346	-3.532715	2.299491	-2.894098	-3.7632	2.224447	2.605753	-3.294871	0.0	-2.41012	-69.560332	-3.852949	
S.entellus	-1.433633	2.625439	2.644671	-1.967641	-1.558019	-1.483645	-2.58087	-1.747676	-1.037376	-1.305503	2.994974	-1.422236	-1.367147	14.506145	2.47706	-0.77409	2.881601	-1.454386	2.153171	3.066209	-2.561381	-0.850571	2.415849	-2.41012	0.0	2.9324	2.48379	
T.bancanus	-3.83413	2.39126	2.77991	-7.499933	-4.208711	-3.677992	34.757953	-5.65191	-1.951958	-2.758107	2.945965	-3.642716	-3.255316	4.624895	3.30721	-1.177399	2.226341	-3.704996	2.305822	2.643192	50.394117	-1.335658	2.227934	-69.560332	2.9324	0.0	2.77796	
T.obscurus	-1.621692	2.880437	2.00599	-2.348788	-1.773119	-1.701958	-3.497817	-2.282772	-1.169792	-1.567333	2.670991	-1.573736	-1.553859	13.039135	2.391633	-0.854392	2.886491	-1.724758	2.330127	3.064512	-4.706412	-0.954134	2.804165	-3.852949	2.48379	2.77796	0.0	
