27
C.aethiops	0.0	-177.321462	28.140881	4.355572	5.122226	4.052235	56.672013	32.253033	30.847998	27.485179	-74.724496	11.761204	12.442675	706.958833	41.325128	24.556991	278.358761	12.061175	58.693068	85.512475	27.577573	26.281863	124.802985	32.088601	315.2272	-88.908219	71.772473	
C.albifron	-177.321462	0.0	41.150775	-693.140772	-782.524003	-318.946937	107.797676	1410.527295	-107.018247	1629.318689	40.243289	-119.431475	228.679335	197.543371	29.205564	-93.640308	32.951999	-102.764411	39.782348	33.621743	120.42663	-90.577797	32.741174	175.343415	28.181756	34.550954	36.710355	
C.guereza 	28.140881	41.150775	0.0	22.764192	22.437636	24.566096	84.771485	33.357352	76.359196	41.306223	54.890751	31.343077	22.633221	203.435141	12.545228	88.63643	13.137108	23.785254	13.570933	14.692352	26.577705	83.971151	13.994704	31.906743	14.362606	46.755368	13.878621	
C.pygeryth	4.355572	-693.140772	22.764192	0.0	5.224648	4.306	44.126262	26.346047	27.13848	23.664015	-91.366108	11.628208	11.504033	-557.085059	28.503783	29.743078	79.33614	12.269998	46.187637	53.454076	23.050571	29.997734	90.211587	27.486115	72.140517	-105.786806	42.725224	
C.sabaeus 	5.122226	-782.524003	22.437636	5.224648	0.0	5.05817	41.993058	29.375666	28.222765	24.26009	-102.759999	10.915499	11.097049	633.651771	33.121319	25.510579	74.445655	11.403799	43.541606	53.928987	24.089992	27.821215	60.782072	28.999311	54.315594	-120.609693	42.536702	
C.tantalus	4.052235	-318.946937	24.566096	4.306	5.05817	0.0	44.853325	30.804885	28.831708	25.014772	-70.267417	11.051804	11.050365	-363.228388	35.241555	25.01397	153.255751	12.174037	63.533915	76.205923	24.13372	24.846427	82.618315	30.343644	153.17982	-128.435483	45.191505	
C.variegat	56.672013	107.797676	84.771485	44.126262	41.993058	44.853325	0.0	38.906065	42.279795	32.997771	40.821167	49.443758	42.283438	52.695502	139.592215	38.945571	-302.624031	41.264345	-222.39277	-126.593734	29.26214	33.629932	-188.982602	33.84719	-241.971143	49.752908	-3513.55723	
G.gorilla 	32.253033	1410.527295	33.357352	26.346047	29.375666	30.804885	38.906065	0.0	13.823448	7.427192	-70.451128	22.416505	23.57019	294.69637	105.309068	10.846248	176.409326	21.794556	80.389902	-583.812448	7.213067	11.497208	435.868722	7.511971	-1880.255225	979.982655	291.077681	
H.lar     	30.847998	-107.018247	76.359196	27.13848	28.222765	28.831708	42.279795	13.823448	0.0	12.271951	-53.775051	21.810562	18.838574	687.412027	1035.096878	13.848873	-219.552864	22.411789	-154.529459	-90.954248	12.726024	13.164762	-110.679667	12.449074	-118.412586	-87.106244	-468.819735	
H.sapiens 	27.485179	1629.318689	41.306223	23.664015	24.26009	25.014772	32.997771	7.427192	12.271951	0.0	-91.168413	20.245554	20.993473	1155.457486	220.167723	9.930845	-635.530119	22.229786	-439.800073	-555.749907	6.180731	11.024638	-394.862611	6.259679	-140.050258	1051.84906	-545.359741	
L.catta   	-74.724496	40.243289	54.890751	-91.366108	-102.759999	-70.267417	40.821167	-70.451128	-53.775051	-91.168413	0.0	-60.751581	-69.314792	66.207527	60.292343	-43.370285	96.508589	-52.908019	56.419099	74.509272	-144.774291	-40.861082	104.172529	-331.874431	77.300197	31.407669	52.070187	
M.mulatta 	11.761204	-119.431475	31.343077	11.628208	10.915499	11.051804	49.443758	22.416505	21.810562	20.245554	-60.751581	0.0	7.4571	121.429649	35.024699	19.843984	93.312769	11.226871	66.809959	72.512399	23.60126	18.782238	66.035835	23.989867	71.951189	-99.272937	53.023904	
M.sylvanus	12.442675	228.679335	22.633221	11.504033	11.097049	11.050365	42.283438	23.57019	18.838574	20.993473	-69.314792	7.4571	0.0	364.931078	33.320527	23.814302	98.955397	10.842395	56.549998	73.8576	20.737271	21.405876	41.332517	23.247747	58.12803	-163.315965	46.304967	
N.coucang 	706.958833	197.543371	203.435141	-557.085059	633.651771	-363.228388	52.695502	294.69637	687.412027	1155.457486	66.207527	121.429649	364.931078	0.0	1134.03556	-973.750097	-395.202529	28681.925179	-2432.245499	-254.081861	197.219804	329.517106	-255.841358	175.888744	-177.014666	58.852379	-180.192355	
N.larvatus	41.325128	29.205564	12.545228	28.503783	33.121319	35.241555	139.592215	105.309068	1035.096878	220.167723	60.292343	35.024699	33.320527	1134.03556	0.0	-96.287429	11.096485	36.105122	10.270096	9.535072	75.779759	-455.860508	8.399588	103.165712	9.787244	36.028871	9.742986	
P.abelii  	24.556991	-93.640308	88.63643	29.743078	25.510579	25.01397	38.945571	10.846248	13.848873	9.930845	-43.370285	19.843984	23.814302	-973.750097	-96.287429	0.0	-52.064321	21.114802	-68.186174	-35.794394	11.296847	5.163309	-53.173294	12.294137	-48.508647	-75.373209	-48.626826	
P.badius  	278.358761	32.951999	13.137108	79.33614	74.445655	153.255751	-302.624031	176.409326	-219.552864	-635.530119	96.508589	93.312769	98.955397	-395.202529	11.096485	-52.064321	0.0	109.213372	12.518165	11.94119	74.926528	-62.388763	10.479142	96.436597	12.22478	37.832071	10.977718	
P.hamadrya	12.061175	-102.764411	23.785254	12.269998	11.403799	12.174037	41.264345	21.794556	22.411789	22.229786	-52.908019	11.226871	10.842395	28681.92518	36.105122	21.114802	109.213372	0.0	71.544284	104.158495	21.832536	22.546024	77.860637	23.70813	85.785719	-77.788716	77.466179	
P.melaloph	58.693068	39.782348	13.570933	46.187637	43.541606	63.533915	-222.39277	80.389902	-154.529459	-439.800073	56.419099	66.809959	56.549998	-2432.245499	10.270096	-68.186174	12.518165	71.544284	0.0	11.990305	81.070828	-66.03797	9.884406	117.253459	10.439303	43.364712	9.626886	
P.nemaeus 	85.512475	33.621743	14.692352	53.454076	53.928987	76.205923	-126.593734	-583.812448	-90.954248	-555.749907	74.509272	72.512399	73.8576	-254.081861	9.535072	-35.794394	11.94119	104.158495	11.990305	0.0	176.697142	-49.082027	9.178354	2730.394452	11.453778	56.77728	11.462123	
P.paniscus	27.577573	120.42663	26.577705	23.050571	24.089992	24.13372	29.26214	7.213067	12.726024	6.180731	-144.774291	23.60126	20.737271	197.219804	75.779759	11.296847	74.926528	21.832536	81.070828	176.697142	0.0	11.497695	152.45113	4.279756	348.474235	61.707294	85.042812	
P.pygmaeus	26.281863	-90.577797	83.971151	29.997734	27.821215	24.846427	33.629932	11.497208	13.164762	11.024638	-40.861082	18.782238	21.405876	329.517106	-455.860508	5.163309	-62.388763	22.546024	-66.03797	-49.082027	11.497695	0.0	-58.707497	11.947842	-47.859066	-80.879159	-102.080799	
P.roxellan	124.802985	32.741174	13.994704	90.211587	60.782072	82.618315	-188.982602	435.868722	-110.679667	-394.862611	104.172529	66.035835	41.332517	-255.841358	8.399588	-53.173294	10.479142	77.860637	9.884406	9.178354	152.45113	-58.707497	0.0	183.564979	9.689725	41.808553	9.727815	
P.troglody	32.088601	175.343415	31.906743	27.486115	28.999311	30.343644	33.84719	7.511971	12.449074	6.259679	-331.874431	23.989867	23.247747	175.888744	103.165712	12.294137	96.436597	23.70813	117.253459	2730.394452	4.279756	11.947842	183.564979	0.0	-850.673046	79.709656	106.05203	
S.entellus	315.2272	28.181756	14.362606	72.140517	54.315594	153.17982	-241.971143	-1880.255225	-118.412586	-140.050258	77.300197	71.951189	58.12803	-177.014666	9.787244	-48.508647	12.22478	85.785719	10.439303	11.453778	348.474235	-47.859066	9.689725	-850.673046	0.0	49.191147	9.994228	
T.bancanus	-88.908219	34.550954	46.755368	-105.786806	-120.609693	-128.435483	49.752908	979.982655	-87.106244	1051.84906	31.407669	-99.272937	-163.315965	58.852379	36.028871	-75.373209	37.832071	-77.788716	43.364712	56.77728	61.707294	-80.879159	41.808553	79.709656	49.191147	0.0	45.996354	
T.obscurus	71.772473	36.710355	13.878621	42.725224	42.536702	45.191505	-3513.55723	291.077681	-468.819735	-545.359741	52.070187	53.023904	46.304967	-180.192355	9.742986	-48.626826	10.977718	77.466179	9.626886	11.462123	85.042812	-102.080799	9.727815	106.05203	9.994228	45.996354	0.0	
