27
C.aethiops	0.0	1.544842	1.446313	1.267329	1.407135	1.37034	1.480044	1.418362	1.463122	1.462277	1.386311	1.514971	1.52259	1.302715	1.453266	1.404524	1.455147	1.483982	1.484446	1.472899	1.472931	1.420769	1.470369	1.465955	1.465579	1.426601	1.486548	
C.albifron	1.544842	0.0	1.501683	1.531886	1.541323	1.525841	1.362144	1.430857	1.436741	1.467839	1.32783	1.472524	1.498578	1.305219	1.493537	1.389769	1.478107	1.492583	1.544304	1.518605	1.460691	1.43513	1.493397	1.468311	1.479594	1.458396	1.490842	
C.guereza 	1.446313	1.501683	0.0	1.428659	1.479632	1.426682	1.419326	1.407372	1.407964	1.421883	1.353041	1.428968	1.45545	1.2728	1.404954	1.389798	1.433321	1.454537	1.469549	1.457684	1.419127	1.390742	1.435114	1.425097	1.456589	1.371683	1.448572	
C.pygeryth	1.267329	1.531886	1.428659	0.0	1.383776	1.23913	1.448632	1.427991	1.454509	1.463768	1.367121	1.46561	1.456518	1.271714	1.431934	1.413913	1.429618	1.48948	1.496283	1.471235	1.433311	1.414998	1.437022	1.425001	1.408902	1.399818	1.445479	
C.sabaeus 	1.407135	1.541323	1.479632	1.383776	0.0	1.350152	1.457988	1.460868	1.46034	1.463133	1.367307	1.507972	1.538208	1.294824	1.459404	1.45746	1.473896	1.520034	1.477378	1.458099	1.469355	1.46988	1.485137	1.46249	1.466588	1.433138	1.475542	
C.tantalus	1.37034	1.525841	1.426682	1.23913	1.350152	0.0	1.472032	1.416339	1.445637	1.455697	1.407356	1.506153	1.490263	1.279432	1.441888	1.418243	1.434454	1.483951	1.469727	1.43988	1.453344	1.424012	1.428912	1.444227	1.427134	1.406488	1.462973	
C.variegat	1.480044	1.362144	1.419326	1.448632	1.457988	1.472032	0.0	1.399739	1.415812	1.411375	0.833319	1.410633	1.429572	1.23321	1.39796	1.294357	1.361831	1.421335	1.455053	1.394298	1.415067	1.396012	1.36204	1.418587	1.367945	1.237031	1.384816	
G.gorilla 	1.418362	1.430857	1.407372	1.427991	1.460868	1.416339	1.399739	0.0	1.366416	1.413447	1.282618	1.415402	1.42894	1.238833	1.370897	1.389976	1.388659	1.448337	1.42039	1.37919	1.384521	1.415051	1.406463	1.399754	1.386634	1.350754	1.396764	
H.lar     	1.463122	1.436741	1.407964	1.454509	1.46034	1.445637	1.415812	1.366416	0.0	1.387223	1.308458	1.406571	1.412319	1.254193	1.340751	1.375396	1.361015	1.415773	1.430772	1.368923	1.380891	1.378673	1.354925	1.365577	1.353794	1.346515	1.365457	
H.sapiens 	1.462277	1.467839	1.421883	1.463768	1.463133	1.455697	1.411375	1.413447	1.387223	0.0	1.368324	1.431933	1.435462	1.243092	1.378883	1.410504	1.409184	1.453321	1.439289	1.389206	1.433576	1.41439	1.412786	1.416484	1.401333	1.350622	1.392714	
L.catta   	1.386311	1.32783	1.353041	1.367121	1.367307	1.407356	0.833319	1.282618	1.308458	1.368324	0.0	1.287979	1.316666	1.165993	1.262638	1.257743	1.341681	1.293237	1.314816	1.328499	1.270678	1.265418	1.298539	1.289881	1.379347	1.260187	1.346466	
M.mulatta 	1.514971	1.472524	1.428968	1.46561	1.507972	1.506153	1.410633	1.415402	1.406571	1.431933	1.287979	0.0	1.434495	1.281768	1.40716	1.423945	1.381028	1.466532	1.427052	1.404125	1.40488	1.422482	1.416134	1.420277	1.432932	1.381653	1.414289	
M.sylvanus	1.52259	1.498578	1.45545	1.456518	1.538208	1.490263	1.429572	1.42894	1.412319	1.435462	1.316666	1.434495	0.0	1.296557	1.434595	1.448062	1.418393	1.449706	1.465827	1.438058	1.437311	1.439599	1.442865	1.428572	1.397095	1.388129	1.435862	
N.coucang 	1.302715	1.305219	1.2728	1.271714	1.294824	1.279432	1.23321	1.238833	1.254193	1.243092	1.165993	1.281768	1.296557	0.0	1.235511	1.236113	1.240238	1.276913	1.381473	1.265886	1.23938	1.251394	1.244842	1.277346	1.255611	1.267273	1.247617	
N.larvatus	1.453266	1.493537	1.404954	1.431934	1.459404	1.441888	1.39796	1.370897	1.340751	1.378883	1.262638	1.40716	1.434595	1.235511	0.0	1.319091	1.425183	1.420596	1.445651	1.436668	1.378843	1.325472	1.45007	1.356988	1.448509	1.399427	1.42126	
P.abelii  	1.404524	1.389769	1.389798	1.413913	1.45746	1.418243	1.294357	1.389976	1.375396	1.410504	1.257743	1.423945	1.448062	1.236113	1.319091	0.0	1.347302	1.421759	1.386692	1.341447	1.406765	1.366731	1.365226	1.39664	1.340599	1.264303	1.347719	
P.badius  	1.455147	1.478107	1.433321	1.429618	1.473896	1.434454	1.361831	1.388659	1.361015	1.409184	1.341681	1.381028	1.418393	1.240238	1.425183	1.347302	0.0	1.41173	1.4665	1.452031	1.404474	1.345173	1.442195	1.400134	1.444533	1.3884	1.455517	
P.hamadrya	1.483982	1.492583	1.454537	1.48948	1.520034	1.483951	1.421335	1.448337	1.415773	1.453321	1.293237	1.466532	1.449706	1.276913	1.420596	1.421759	1.41173	0.0	1.459705	1.431118	1.446247	1.436248	1.449393	1.455309	1.432436	1.393539	1.438527	
P.melaloph	1.484446	1.544304	1.469549	1.496283	1.477378	1.469727	1.455053	1.42039	1.430772	1.439289	1.314816	1.427052	1.465827	1.381473	1.445651	1.386692	1.4665	1.459705	0.0	1.437003	1.467169	1.391954	1.44211	1.450562	1.44082	1.4357	1.438175	
P.nemaeus 	1.472899	1.518605	1.457684	1.471235	1.458099	1.43988	1.394298	1.37919	1.368923	1.389206	1.328499	1.404125	1.438058	1.265886	1.436668	1.341447	1.452031	1.431118	1.437003	0.0	1.400822	1.346638	1.442473	1.388295	1.476737	1.382448	1.451071	
P.paniscus	1.472931	1.460691	1.419127	1.433311	1.469355	1.453344	1.415067	1.384521	1.380891	1.433576	1.270678	1.40488	1.437311	1.23938	1.378843	1.406765	1.404474	1.446247	1.467169	1.400822	0.0	1.41907	1.4246	1.291162	1.393162	1.369024	1.424913	
P.pygmaeus	1.420769	1.43513	1.390742	1.414998	1.46988	1.424012	1.396012	1.415051	1.378673	1.41439	1.265418	1.422482	1.439599	1.251394	1.325472	1.366731	1.345173	1.436248	1.391954	1.346638	1.41907	0.0	1.375104	1.413189	1.339184	1.337592	1.369711	
P.roxellan	1.470369	1.493397	1.435114	1.437022	1.485137	1.428912	1.36204	1.406463	1.354925	1.412786	1.298539	1.416134	1.442865	1.244842	1.45007	1.365226	1.442195	1.449393	1.44211	1.442473	1.4246	1.375104	0.0	1.414831	1.473863	1.398647	1.465478	
P.troglody	1.465955	1.468311	1.425097	1.425001	1.46249	1.444227	1.418587	1.399754	1.365577	1.416484	1.289881	1.420277	1.428572	1.277346	1.356988	1.39664	1.400134	1.455309	1.450562	1.388295	1.291162	1.413189	1.414831	0.0	1.39295	1.360689	1.422105	
S.entellus	1.465579	1.479594	1.456589	1.408902	1.466588	1.427134	1.367945	1.386634	1.353794	1.401333	1.379347	1.432932	1.397095	1.255611	1.448509	1.340599	1.444533	1.432436	1.44082	1.476737	1.393162	1.339184	1.473863	1.39295	0.0	1.403467	1.430589	
T.bancanus	1.426601	1.458396	1.371683	1.399818	1.433138	1.406488	1.237031	1.350754	1.346515	1.350622	1.260187	1.381653	1.388129	1.267273	1.399427	1.264303	1.3884	1.393539	1.4357	1.382448	1.369024	1.337592	1.398647	1.360689	1.403467	0.0	1.371574	
T.obscurus	1.486548	1.490842	1.448572	1.445479	1.475542	1.462973	1.384816	1.396764	1.365457	1.392714	1.346466	1.414289	1.435862	1.247617	1.42126	1.347719	1.455517	1.438527	1.438175	1.451071	1.424913	1.369711	1.465478	1.422105	1.430589	1.371574	0.0	
