27
C.aethiops	0.0	0.934124	1.078241	1.076316	1.138826	1.102417	1.007369	1.034043	0.93016	1.006455	0.803926	1.190232	1.196562	0.986786	0.880969	0.959062	0.727753	1.056635	0.721621	0.81577	1.004903	0.98342	0.749334	1.007412	0.741679	0.994068	0.74936	
C.albifron	0.934124	0.0	0.981741	0.964599	0.933915	0.92967	0.803436	0.772226	0.58345	0.714193	1.058436	0.824876	0.844623	0.929446	1.044867	0.513149	1.050257	0.806373	1.075316	1.116721	0.82205	0.542725	1.024515	0.792265	1.016756	1.07954	1.066925	
C.guereza 	1.078241	0.981741	0.0	1.06252	1.068793	1.066693	0.922491	0.917679	0.732547	0.875877	1.063557	0.991787	1.021524	0.966261	1.01048	0.696009	0.899549	0.944477	0.907175	1.028122	0.918919	0.729422	0.910961	0.900715	0.961066	1.049233	0.913841	
C.pygeryth	1.076316	0.964599	1.06252	0.0	1.112036	1.073162	0.99014	1.028923	0.90842	1.002317	0.84108	1.141334	1.166063	0.968161	0.922181	0.939959	0.761136	1.025442	0.765351	0.854355	0.989913	0.964712	0.771349	0.990965	0.768694	0.99808	0.786723	
C.sabaeus 	1.138826	0.933915	1.068793	1.112036	0.0	1.136346	0.960827	1.004876	0.890219	0.972314	0.836387	1.123728	1.164298	0.951824	0.919787	0.929357	0.742069	0.997823	0.748207	0.832408	0.987685	0.941931	0.77095	0.98968	0.752976	1.016139	0.761994	
C.tantalus	1.102417	0.92967	1.066693	1.073162	1.136346	0.0	0.993337	1.024394	0.906662	0.998176	0.816098	1.158705	1.178787	0.961533	0.902631	0.94996	0.719183	1.024121	0.729182	0.813929	1.009939	0.964968	0.74135	1.011068	0.728279	0.987508	0.747341	
C.variegat	1.007369	0.803436	0.922491	0.99014	0.960827	0.993337	0.0	1.04973	1.04927	1.047824	0.606181	1.057514	1.054671	0.967548	0.843546	0.969645	0.736013	1.138993	0.716151	0.800886	1.012029	1.012499	0.73016	1.023899	0.736454	0.870859	0.732517	
G.gorilla 	1.034043	0.772226	0.917679	1.028923	1.004876	1.024394	1.04973	0.0	0.984575	1.124024	0.690687	1.114926	1.110176	0.917313	0.736034	1.035186	0.639238	1.113305	0.622528	0.684575	1.10297	1.060163	0.645086	1.140032	0.655507	0.835472	0.663087	
H.lar     	0.93016	0.58345	0.732547	0.90842	0.890219	0.906662	1.04927	0.984575	0.0	1.00528	0.54303	0.976842	0.976222	0.754289	0.54641	1.012019	0.475525	1.023147	0.473469	0.522425	0.943779	1.022863	0.483534	0.956264	0.484453	0.676415	0.488134	
H.sapiens 	1.006455	0.714193	0.875877	1.002317	0.972314	0.998176	1.047824	1.124024	1.00528	0.0	0.631814	1.085888	1.070735	0.831236	0.668693	1.07794	0.581704	1.094778	0.565778	0.624009	1.087504	1.094992	0.583172	1.100728	0.586462	0.77471	0.596119	
L.catta   	0.803926	1.058436	1.063557	0.84108	0.836387	0.816098	0.606181	0.690687	0.54303	0.631814	0.0	0.770491	0.784164	1.04049	1.071187	0.466728	1.057171	0.71382	1.073214	1.144343	0.706809	0.489477	1.052323	0.690429	1.076073	1.126842	1.077243	
M.mulatta 	1.190232	0.824876	0.991787	1.141334	1.123728	1.158705	1.057514	1.114926	0.976842	1.085888	0.770491	0.0	1.227552	0.955028	0.774066	1.03493	0.653976	1.115632	0.652352	0.745759	1.067003	1.03576	0.66985	1.067919	0.677678	0.914683	0.663182	
M.sylvanus	1.196562	0.844623	1.021524	1.166063	1.164298	1.178787	1.054671	1.110176	0.976222	1.070735	0.784164	1.227552	0.0	0.974488	0.822413	1.048433	0.677499	1.093246	0.673348	0.77192	1.06682	1.053429	0.688108	1.062937	0.686426	0.937267	0.687545	
N.coucang 	0.986786	0.929446	0.966261	0.968161	0.951824	0.961533	0.967548	0.917313	0.754289	0.831236	1.04049	0.955028	0.974488	0.0	0.960622	0.659987	0.905082	0.963223	0.923637	0.990268	0.895894	0.688664	0.912025	0.888865	0.978109	1.032336	0.929035	
N.larvatus	0.880969	1.044867	1.01048	0.922181	0.919787	0.902631	0.843546	0.736034	0.54641	0.668693	1.071187	0.774066	0.822413	0.960622	0.0	0.473514	1.007124	0.775479	0.998231	1.08667	0.784282	0.504357	0.975532	0.749934	1.025615	1.133449	0.991998	
P.abelii  	0.959062	0.513149	0.696009	0.939959	0.929357	0.94996	0.969645	1.035186	1.012019	1.07794	0.466728	1.03493	1.048433	0.659987	0.473514	0.0	0.411648	1.034471	0.408688	0.445523	0.976629	1.114599	0.416452	1.027351	0.415366	0.602239	0.425	
P.badius  	0.727753	1.050257	0.899549	0.761136	0.742069	0.719183	0.736013	0.639238	0.475525	0.581704	1.057171	0.653976	0.677499	0.905082	1.007124	0.411648	0.0	0.650238	1.023622	1.09899	0.678917	0.436572	1.076019	0.650239	1.046446	0.97318	1.096692	
P.hamadrya	1.056635	0.806373	0.944477	1.025442	0.997823	1.024121	1.138993	1.113305	1.023147	1.094778	0.71382	1.115632	1.093246	0.963223	0.775479	1.034471	0.650238	0.0	0.648961	0.724266	1.054212	1.04384	0.669776	1.063357	0.682992	0.866604	0.668606	
P.melaloph	0.721621	1.075316	0.907175	0.765351	0.748207	0.729182	0.716151	0.622528	0.473469	0.565778	1.073214	0.652352	0.673348	0.923637	0.998231	0.408688	1.023622	0.648961	0.0	1.094674	0.677847	0.430443	1.039046	0.646475	0.987722	1.03455	1.027749	
P.nemaeus 	0.81577	1.116721	1.028122	0.854355	0.832408	0.813929	0.800886	0.684575	0.522425	0.624009	1.144343	0.745759	0.77192	0.990268	1.08667	0.445523	1.09899	0.724266	1.094674	0.0	0.715441	0.475737	1.118846	0.69135	1.117217	1.060035	1.148757	
P.paniscus	1.004903	0.82205	0.918919	0.989913	0.987685	1.009939	1.012029	1.10297	0.943779	1.087504	0.706809	1.067003	1.06682	0.895894	0.784282	0.976629	0.678917	1.054212	0.677847	0.715441	0.0	1.001825	0.690331	1.029056	0.690764	0.880406	0.708901	
P.pygmaeus	0.98342	0.542725	0.729422	0.964712	0.941931	0.964968	1.012499	1.060163	1.022863	1.094992	0.489477	1.03576	1.053429	0.688664	0.504357	1.114599	0.436572	1.04384	0.430443	0.475737	1.001825	0.0	0.443265	1.052028	0.437538	0.634071	0.455065	
P.roxellan	0.749334	1.024515	0.910961	0.771349	0.77095	0.74135	0.73016	0.645086	0.483534	0.583172	1.052323	0.66985	0.688108	0.912025	0.975532	0.416452	1.076019	0.669776	1.039046	1.118846	0.690331	0.443265	0.0	0.659467	1.052493	0.961913	1.134242	
P.troglody	1.007412	0.792265	0.900715	0.990965	0.98968	1.011068	1.023899	1.140032	0.956264	1.100728	0.690429	1.067919	1.062937	0.888865	0.749934	1.027351	0.650239	1.063357	0.646475	0.69135	1.029056	1.052028	0.659467	0.0	0.658658	0.856499	0.67179	
S.entellus	0.741679	1.016756	0.961066	0.768694	0.752976	0.728279	0.736454	0.655507	0.484453	0.586462	1.076073	0.677678	0.686426	0.978109	1.025615	0.415366	1.046446	0.682992	0.987722	1.117217	0.690764	0.437538	1.052493	0.658658	0.0	1.018589	1.052764	
T.bancanus	0.994068	1.07954	1.049233	0.99808	1.016139	0.987508	0.870859	0.835472	0.676415	0.77471	1.126842	0.914683	0.937267	1.032336	1.133449	0.602239	0.97318	0.866604	1.03455	1.060035	0.880406	0.634071	0.961913	0.856499	1.018589	0.0	0.979938	
T.obscurus	0.74936	1.066925	0.913841	0.786723	0.761994	0.747341	0.732517	0.663087	0.488134	0.596119	1.077243	0.663182	0.687545	0.929035	0.991998	0.425	1.096692	0.668606	1.027749	1.148757	0.708901	0.455065	1.134242	0.67179	1.052764	0.979938	0.0	
