27
C.aethiops	0.0	1.887801	1.325015	0.743286	0.818494	0.705785	2.008583	1.596357	1.647529	1.57185	2.030087	1.235697	1.244308	1.913773	1.306532	1.492915	1.361686	1.290848	1.273885	1.379027	1.528402	1.547382	1.375169	1.540514	1.392457	2.091415	1.315734	
C.albifron	1.887801	0.0	1.847924	1.789027	1.839281	1.880775	2.060631	1.885473	1.971846	1.823663	2.262397	1.948305	1.840752	2.246871	1.723971	1.864802	1.74369	2.053042	1.868771	1.842658	1.733082	1.858869	1.844943	1.747843	1.759719	2.051629	1.749598	
C.guereza 	1.325015	1.847924	0.0	1.319114	1.352939	1.311354	1.984434	1.579281	1.560138	1.570545	1.960711	1.382542	1.348766	1.907577	1.124606	1.578528	1.126436	1.418936	1.189662	1.267246	1.462061	1.593174	1.220335	1.482162	1.243522	2.023552	1.182849	
C.pygeryth	0.743286	1.789027	1.319114	0.0	0.829771	0.703107	1.847705	1.520932	1.499296	1.4706	2.044635	1.177532	1.156463	1.870399	1.266506	1.528205	1.291351	1.22884	1.280054	1.296976	1.436647	1.534317	1.371625	1.449824	1.315363	1.946443	1.294558	
C.sabaeus 	0.818494	1.839281	1.352939	0.829771	0.0	0.818863	1.986976	1.610138	1.625311	1.56845	2.138784	1.224236	1.21157	1.957542	1.297185	1.561219	1.299826	1.270007	1.329763	1.368436	1.50469	1.634187	1.343604	1.53201	1.294052	2.087809	1.280559	
C.tantalus	0.705785	1.880775	1.311354	0.703107	0.818863	0.0	1.819022	1.43271	1.451407	1.43281	2.043129	1.132556	1.179678	1.917486	1.277247	1.418588	1.315399	1.186704	1.298803	1.360895	1.383432	1.469251	1.369772	1.390273	1.336894	1.87864	1.313825	
C.variegat	2.008583	2.060631	1.984434	1.847705	1.986976	1.819022	0.0	1.933994	1.919961	1.854695	0.93941	1.964156	2.049843	2.28184	1.879555	1.892173	1.986805	1.976089	2.083636	2.068255	1.769513	1.89642	2.058128	1.784092	2.033876	1.885532	2.061945	
G.gorilla 	1.596357	1.885473	1.579281	1.520932	1.610138	1.43271	1.933994	0.0	1.324998	1.008313	2.201992	1.537854	1.58289	2.043931	1.557034	1.247332	1.592727	1.621656	1.626166	1.63279	0.991258	1.240401	1.702976	0.986932	1.662296	1.933531	1.689809	
H.lar     	1.647529	1.971846	1.560138	1.499296	1.625311	1.451407	1.919961	1.324998	0.0	1.2841	2.274313	1.521143	1.572775	2.117977	1.532868	1.384595	1.545055	1.618872	1.730208	1.626835	1.230048	1.365092	1.663161	1.234325	1.638146	2.0015	1.632357	
H.sapiens 	1.57185	1.823663	1.570545	1.4706	1.56845	1.43281	1.854695	1.008313	1.2841	0.0	2.151157	1.467076	1.554744	1.951405	1.487181	1.186769	1.541667	1.645051	1.652524	1.599045	0.92375	1.190654	1.640537	0.921862	1.619323	1.882072	1.645464	
L.catta   	2.030087	2.262397	1.960711	2.044635	2.138784	2.043129	0.93941	2.201992	2.274313	2.151157	0.0	2.290185	2.23211	2.286466	1.951378	2.292232	2.047013	2.412574	2.024554	2.064845	2.031178	2.281287	2.16686	2.098491	2.123362	2.272398	2.050812	
M.mulatta 	1.235697	1.948305	1.382542	1.177532	1.224236	1.132556	1.964156	1.537854	1.521143	1.467076	2.290185	0.0	1.078135	2.012978	1.332257	1.473672	1.346867	1.243099	1.449412	1.408654	1.456179	1.477378	1.4854	1.462008	1.332556	2.026454	1.367247	
M.sylvanus	1.244308	1.840752	1.348766	1.156463	1.21157	1.179678	2.049843	1.58289	1.572775	1.554744	2.23211	1.078135	0.0	1.966504	1.319661	1.6038	1.343066	1.301609	1.416722	1.450902	1.490176	1.595179	1.412618	1.536697	1.351559	2.076618	1.34124	
N.coucang 	1.913773	2.246871	1.907577	1.870399	1.957542	1.917486	2.28184	2.043931	2.117977	1.951405	2.286466	2.012978	1.966504	0.0	1.871948	2.160015	1.866554	2.15713	1.992581	1.919675	1.898988	2.080648	2.010212	1.928981	1.919393	2.17137	1.963096	
N.larvatus	1.306532	1.723971	1.124606	1.266506	1.297185	1.277247	1.879555	1.557034	1.532868	1.487181	1.951378	1.332257	1.319661	1.871948	0.0	1.595854	1.091714	1.395604	1.103377	1.072652	1.444068	1.54657	1.04123	1.463947	1.057642	1.885989	1.064674	
P.abelii  	1.492915	1.864802	1.578528	1.528205	1.561219	1.418588	1.892173	1.247332	1.384595	1.186769	2.292232	1.473672	1.6038	2.160015	1.595854	0.0	1.624609	1.55957	1.6633	1.676192	1.172514	0.918472	1.701645	1.208281	1.695814	2.018625	1.666676	
P.badius  	1.361686	1.74369	1.126436	1.291351	1.299826	1.315399	1.986805	1.592727	1.545055	1.541667	2.047013	1.346867	1.343066	1.866554	1.091714	1.624609	0.0	1.397737	1.227844	1.190671	1.45768	1.636525	1.163975	1.472888	1.165908	1.965888	1.111675	
P.hamadrya	1.290848	2.053042	1.418936	1.22884	1.270007	1.186704	1.976089	1.621656	1.618872	1.645051	2.412574	1.243099	1.301609	2.15713	1.395604	1.55957	1.397737	0.0	1.483226	1.486552	1.5732	1.615187	1.499352	1.576444	1.441745	2.120457	1.445937	
P.melaloph	1.273885	1.868771	1.189662	1.280054	1.329763	1.298803	2.083636	1.626166	1.730208	1.652524	2.024554	1.449412	1.416722	1.992581	1.103377	1.6633	1.227844	1.483226	0.0	1.17075	1.553873	1.71042	1.171351	1.5922	1.192565	2.107864	1.089552	
P.nemaeus 	1.379027	1.842658	1.267246	1.296976	1.368436	1.360895	2.068255	1.63279	1.626835	1.599045	2.064845	1.408654	1.450902	1.919675	1.072652	1.676192	1.190671	1.486552	1.17075	0.0	1.539821	1.739227	1.130303	1.589734	1.180236	1.933693	1.18402	
P.paniscus	1.528402	1.733082	1.462061	1.436647	1.50469	1.383432	1.769513	0.991258	1.230048	0.92375	2.031178	1.456179	1.490176	1.898988	1.444068	1.172514	1.45768	1.5732	1.553873	1.539821	0.0	1.153224	1.558814	0.751456	1.541077	1.788335	1.513559	
P.pygmaeus	1.547382	1.858869	1.593174	1.534317	1.634187	1.469251	1.89642	1.240401	1.365092	1.190654	2.281287	1.477378	1.595179	2.080648	1.54657	0.918472	1.636525	1.615187	1.71042	1.739227	1.153224	0.0	1.726452	1.174339	1.711122	2.005328	1.687304	
P.roxellan	1.375169	1.844943	1.220335	1.371625	1.343604	1.369772	2.058128	1.702976	1.663161	1.640537	2.16686	1.4854	1.412618	2.010212	1.04123	1.701645	1.163975	1.499352	1.171351	1.130303	1.558814	1.726452	0.0	1.586398	1.145603	1.994936	1.101559	
P.troglody	1.540514	1.747843	1.482162	1.449824	1.53201	1.390273	1.784092	0.986932	1.234325	0.921862	2.098491	1.462008	1.536697	1.928981	1.463947	1.208281	1.472888	1.576444	1.5922	1.589734	0.751456	1.174339	1.586398	0.0	1.567135	1.881265	1.544115	
S.entellus	1.392457	1.759719	1.243522	1.315363	1.294052	1.336894	2.033876	1.662296	1.638146	1.619323	2.123362	1.332556	1.351559	1.919393	1.057642	1.695814	1.165908	1.441745	1.192565	1.180236	1.541077	1.711122	1.145603	1.567135	0.0	1.983389	1.099612	
T.bancanus	2.091415	2.051629	2.023552	1.946443	2.087809	1.87864	1.885532	1.933531	2.0015	1.882072	2.272398	2.026454	2.076618	2.17137	1.885989	2.018625	1.965888	2.120457	2.107864	1.933693	1.788335	2.005328	1.994936	1.881265	1.983389	0.0	1.999575	
T.obscurus	1.315734	1.749598	1.182849	1.294558	1.280559	1.313825	2.061945	1.689809	1.632357	1.645464	2.050812	1.367247	1.34124	1.963096	1.064674	1.666676	1.111675	1.445937	1.089552	1.18402	1.513559	1.687304	1.101559	1.544115	1.099612	1.999575	0.0	
