27
C.aethiops	0.0	2.674671	2.257869	2.104473	2.175361	2.025934	2.603527	2.326237	2.40073	2.366297	2.936065	2.320931	2.373837	2.539514	2.28903	2.338313	2.340947	2.32145	2.272949	2.350582	2.377344	2.326648	2.292493	2.362314	2.34748	2.859876	2.317001	
C.albifron	2.674671	0.0	2.539716	2.49763	2.572136	2.604553	2.379308	2.502007	2.515577	2.465944	3.174668	2.528917	2.575693	2.711127	2.419612	2.473598	2.426776	2.658174	2.682708	2.584187	2.469963	2.529168	2.492141	2.452851	2.398302	2.672526	2.487606	
C.guereza 	2.257869	2.539716	0.0	2.252099	2.32267	2.229928	2.513256	2.268431	2.293721	2.303992	2.871804	2.332138	2.358916	2.497709	2.152532	2.362943	2.228936	2.357588	2.27315	2.297929	2.248718	2.34115	2.258755	2.232064	2.259469	2.73154	2.242802	
C.pygeryth	2.104473	2.49763	2.252099	0.0	2.193548	2.038241	2.422852	2.276005	2.241575	2.231825	2.894797	2.212362	2.220502	2.484676	2.188148	2.354132	2.21768	2.248218	2.315721	2.296067	2.250086	2.289105	2.285609	2.20934	2.211828	2.679975	2.238137	
C.sabaeus 	2.175361	2.572136	2.32267	2.193548	0.0	2.16243	2.571546	2.360698	2.398975	2.348855	3.005885	2.277182	2.361736	2.581881	2.281435	2.416477	2.288432	2.350717	2.359186	2.365212	2.352931	2.405627	2.29546	2.341563	2.257856	2.803924	2.308338	
C.tantalus	2.025934	2.604553	2.229928	2.038241	2.16243	0.0	2.492773	2.256691	2.309667	2.287248	2.944392	2.24151	2.297077	2.521494	2.246961	2.310366	2.30219	2.252117	2.285621	2.32738	2.279139	2.297903	2.278462	2.252662	2.284965	2.732971	2.308676	
C.variegat	2.603527	2.379308	2.513256	2.422852	2.571546	2.492773	0.0	2.46742	2.466953	2.382556	1.756087	2.438429	2.497644	2.643263	2.39775	2.396628	2.463146	2.562027	2.624704	2.581805	2.36407	2.482317	2.498524	2.351245	2.43298	2.48258	2.539962	
G.gorilla 	2.326237	2.502007	2.268431	2.276005	2.360698	2.256691	2.46742	0.0	2.238436	2.072223	2.884548	2.286711	2.341561	2.522164	2.260447	2.197309	2.287458	2.366289	2.363	2.351032	2.083806	2.206843	2.358354	2.07663	2.320724	2.622661	2.372835	
H.lar     	2.40073	2.515577	2.293721	2.241575	2.398975	2.309667	2.466953	2.238436	0.0	2.178222	2.929337	2.278169	2.329371	2.538107	2.23199	2.277634	2.237171	2.377177	2.474901	2.35417	2.146763	2.243046	2.318055	2.146755	2.260244	2.634806	2.345689	
H.sapiens 	2.366297	2.465944	2.303992	2.231825	2.348855	2.287248	2.382556	2.072223	2.178222	0.0	2.883654	2.248502	2.297617	2.468356	2.214993	2.189463	2.274206	2.394881	2.422189	2.34576	2.017837	2.192169	2.349495	2.015872	2.283083	2.59468	2.356011	
L.catta   	2.936065	3.174668	2.871804	2.894797	3.005885	2.944392	1.756087	2.884548	2.929337	2.883654	0.0	2.961036	2.985511	3.120138	2.821112	2.955593	3.004327	3.034713	3.019464	2.964828	2.844976	2.914646	3.023007	2.860381	2.985792	3.40128	2.990501	
M.mulatta 	2.320931	2.528917	2.332138	2.212362	2.277182	2.24151	2.438429	2.286711	2.278169	2.248502	2.961036	0.0	2.266835	2.549115	2.244779	2.341761	2.225723	2.292613	2.396454	2.310772	2.276198	2.308221	2.305037	2.237323	2.210527	2.695262	2.30032	
M.sylvanus	2.373837	2.575693	2.358916	2.220502	2.361736	2.297077	2.497644	2.341561	2.329371	2.297617	2.985511	2.266835	0.0	2.581987	2.310767	2.417309	2.328321	2.385104	2.456899	2.409021	2.299944	2.378373	2.35553	2.301593	2.288886	2.762714	2.341608	
N.coucang 	2.539514	2.711127	2.497709	2.484676	2.581881	2.521494	2.643263	2.522164	2.538107	2.468356	3.120138	2.549115	2.581987	0.0	2.420624	2.596185	2.483584	2.641745	2.649822	2.531405	2.447084	2.542347	2.528905	2.449551	2.457206	2.910305	2.53879	
N.larvatus	2.28903	2.419612	2.152532	2.188148	2.281435	2.246961	2.39775	2.260447	2.23199	2.214993	2.821112	2.244779	2.310767	2.420624	0.0	2.315936	2.106679	2.350985	2.25647	2.192853	2.197539	2.286146	2.147185	2.190344	2.070785	2.59917	2.142797	
P.abelii  	2.338313	2.473598	2.362943	2.354132	2.416477	2.310366	2.396628	2.197309	2.277634	2.189463	2.955593	2.341761	2.417309	2.596185	2.315936	0.0	2.323152	2.403827	2.433804	2.424051	2.20701	2.13078	2.405332	2.209138	2.396309	2.609172	2.393002	
P.badius  	2.340947	2.426776	2.228936	2.21768	2.288432	2.30219	2.463146	2.287458	2.237171	2.274206	3.004327	2.225723	2.328321	2.483584	2.106679	2.323152	0.0	2.350958	2.325751	2.198918	2.222303	2.305014	2.17648	2.223194	2.134431	2.706525	2.174943	
P.hamadrya	2.32145	2.658174	2.357588	2.248218	2.350717	2.252117	2.562027	2.366289	2.377177	2.394881	3.034713	2.292613	2.385104	2.641745	2.350985	2.403827	2.350958	0.0	2.427902	2.429341	2.380871	2.40582	2.418761	2.364788	2.352813	2.820117	2.40715	
P.melaloph	2.272949	2.682708	2.27315	2.315721	2.359186	2.285621	2.624704	2.363	2.474901	2.422189	3.019464	2.396454	2.456899	2.649822	2.25647	2.433804	2.325751	2.427902	0.0	2.291756	2.432307	2.407954	2.215317	2.413028	2.306911	2.923582	2.192191	
P.nemaeus 	2.350582	2.584187	2.297929	2.296067	2.365212	2.32738	2.581805	2.351032	2.35417	2.34576	2.964828	2.310772	2.409021	2.531405	2.192853	2.424051	2.198918	2.429341	2.291756	0.0	2.346747	2.394108	2.208409	2.351296	2.246294	2.794175	2.242434	
P.paniscus	2.377344	2.469963	2.248718	2.250086	2.352931	2.279139	2.36407	2.083806	2.146763	2.017837	2.844976	2.276198	2.299944	2.447084	2.197539	2.20701	2.222303	2.380871	2.432307	2.346747	0.0	2.185733	2.327177	1.971077	2.278803	2.569199	2.339198	
P.pygmaeus	2.326648	2.529168	2.34115	2.289105	2.405627	2.297903	2.482317	2.206843	2.243046	2.192169	2.914646	2.308221	2.378373	2.542347	2.286146	2.13078	2.305014	2.40582	2.407954	2.394108	2.185733	0.0	2.376046	2.184534	2.34786	2.701136	2.352815	
P.roxellan	2.292493	2.492141	2.258755	2.285609	2.29546	2.278462	2.498524	2.358354	2.318055	2.349495	3.023007	2.305037	2.35553	2.528905	2.147185	2.405332	2.17648	2.418761	2.215317	2.208409	2.327177	2.376046	0.0	2.313029	2.153723	2.740904	2.182796	
P.troglody	2.362314	2.452851	2.232064	2.20934	2.341563	2.252662	2.351245	2.07663	2.146755	2.015872	2.860381	2.237323	2.301593	2.449551	2.190344	2.209138	2.223194	2.364788	2.413028	2.351296	1.971077	2.184534	2.313029	0.0	2.270179	2.581144	2.325775	
S.entellus	2.34748	2.398302	2.259469	2.211828	2.257856	2.284965	2.43298	2.320724	2.260244	2.283083	2.985792	2.210527	2.288886	2.457206	2.070785	2.396309	2.134431	2.352813	2.306911	2.246294	2.278803	2.34786	2.153723	2.270179	0.0	2.674891	2.176941	
T.bancanus	2.859876	2.672526	2.73154	2.679975	2.803924	2.732971	2.48258	2.622661	2.634806	2.59468	3.40128	2.695262	2.762714	2.910305	2.59917	2.609172	2.706525	2.820117	2.923582	2.794175	2.569199	2.701136	2.740904	2.581144	2.674891	0.0	2.756694	
T.obscurus	2.317001	2.487606	2.242802	2.238137	2.308338	2.308676	2.539962	2.372835	2.345689	2.356011	2.990501	2.30032	2.341608	2.53879	2.142797	2.393002	2.174943	2.40715	2.192191	2.242434	2.339198	2.352815	2.182796	2.325775	2.176941	2.756694	0.0	
