27
C.aethiops	0.0	1.81078	1.374437	0.729599	0.802498	0.701451	1.925413	1.610248	1.606175	1.584558	2.142326	1.228199	1.236275	2.065129	1.386102	1.519077	1.399793	1.293431	1.317709	1.410617	1.515546	1.549998	1.397308	1.514501	1.45411	2.435937	1.37413	
C.albifron	1.81078	0.0	1.81596	1.784811	1.809955	1.803134	2.227862	1.891529	1.948111	1.830069	2.439231	1.876679	1.842721	2.315114	1.738184	1.860593	1.73898	1.977446	1.770963	1.798921	1.743804	1.836953	1.77076	1.745107	1.788674	2.591051	1.744264	
C.guereza 	1.374437	1.81596	0.0	1.354346	1.394554	1.360066	1.978919	1.63757	1.591203	1.630362	2.210489	1.432822	1.416689	2.097083	1.200807	1.617493	1.169293	1.453476	1.190351	1.303254	1.535684	1.622844	1.236605	1.541731	1.281575	2.432576	1.208697	
C.pygeryth	0.729599	1.784811	1.354346	0.0	0.798317	0.70693	1.877135	1.566542	1.537258	1.540947	2.246189	1.183749	1.196664	2.061497	1.349171	1.549233	1.336114	1.233302	1.30387	1.369006	1.46905	1.559002	1.372105	1.464771	1.405303	2.377724	1.348511	
C.sabaeus 	0.802498	1.809955	1.394554	0.798317	0.0	0.791824	1.921563	1.626696	1.623538	1.603577	2.297988	1.236182	1.228155	2.115407	1.376864	1.565092	1.37392	1.288542	1.360929	1.420815	1.529959	1.60711	1.377721	1.521357	1.390086	2.463119	1.350171	
C.tantalus	0.701451	1.803134	1.360066	0.70693	0.791824	0.0	1.843688	1.523848	1.482642	1.509947	2.14888	1.166291	1.203701	2.084975	1.354077	1.46763	1.360702	1.235242	1.320071	1.405457	1.43731	1.503321	1.373298	1.433991	1.41437	2.300069	1.35993	
C.variegat	1.925413	2.227862	1.978919	1.877135	1.921563	1.843688	0.0	1.973437	1.912438	1.924784	0.596003	2.009568	2.072329	2.347682	1.866037	1.909689	2.013876	1.986402	1.987028	2.015636	1.850459	1.887756	2.001953	1.860648	2.017732	2.18552	2.030065	
G.gorilla 	1.610248	1.891529	1.63757	1.566542	1.626696	1.523848	1.973437	0.0	1.371923	1.073605	2.438504	1.614321	1.638251	2.255824	1.616753	1.272953	1.626439	1.690805	1.580905	1.658365	1.03847	1.271171	1.675763	1.0393	1.699352	2.450322	1.68275	
H.lar     	1.606175	1.948111	1.591203	1.537258	1.623538	1.482642	1.912438	1.371923	0.0	1.325241	2.33126	1.597941	1.618553	2.282518	1.574474	1.388425	1.584943	1.635399	1.68204	1.646583	1.286756	1.388486	1.658873	1.274546	1.703978	2.525693	1.639428	
H.sapiens 	1.584558	1.830069	1.630362	1.540947	1.603577	1.509947	1.924784	1.073605	1.325241	0.0	2.386062	1.553304	1.629591	2.159373	1.570073	1.2195	1.594563	1.703065	1.622179	1.63182	0.985202	1.220027	1.639396	0.971284	1.671932	2.423115	1.649916	
L.catta   	2.142326	2.439231	2.210489	2.246189	2.297988	2.14888	0.596003	2.438504	2.33126	2.386062	0.0	2.521494	2.486367	2.649153	2.076085	2.476359	2.28822	2.614594	2.222909	2.309441	2.295802	2.454542	2.348293	2.307013	2.297601	2.954214	2.257955	
M.mulatta 	1.228199	1.876679	1.432822	1.183749	1.236182	1.166291	2.009568	1.614321	1.597941	1.553304	2.521494	0.0	1.097076	2.164579	1.397519	1.532535	1.418525	1.29099	1.45129	1.482015	1.527438	1.506345	1.493874	1.525713	1.453319	2.516873	1.443019	
M.sylvanus	1.236275	1.842721	1.416689	1.196664	1.228155	1.203701	2.072329	1.638251	1.618553	1.629591	2.486367	1.097076	0.0	2.17858	1.413857	1.609678	1.418289	1.319536	1.433433	1.515264	1.547533	1.588927	1.450771	1.57323	1.464104	2.533214	1.437168	
N.coucang 	2.065129	2.315114	2.097083	2.061497	2.115407	2.084975	2.347682	2.255824	2.282518	2.159373	2.649153	2.164579	2.17858	0.0	2.078802	2.250595	2.062363	2.296545	2.034275	2.106064	2.103301	2.187529	2.12987	2.103185	2.144652	2.707887	2.099627	
N.larvatus	1.386102	1.738184	1.200807	1.349171	1.376864	1.354077	1.866037	1.616753	1.574474	1.570073	2.076085	1.397519	1.413857	2.078802	0.0	1.635702	1.180055	1.478515	1.115071	1.130419	1.541437	1.571647	1.078067	1.544776	1.132291	2.339868	1.095179	
P.abelii  	1.519077	1.860593	1.617493	1.549233	1.565092	1.46763	1.909689	1.272953	1.388425	1.2195	2.476359	1.532535	1.609678	2.250595	1.635702	0.0	1.681375	1.615273	1.631878	1.675536	1.216936	0.896957	1.655082	1.23436	1.698323	2.476226	1.662439	
P.badius  	1.399793	1.73898	1.169293	1.336114	1.37392	1.360702	2.013876	1.626439	1.584943	1.594563	2.28822	1.418525	1.418289	2.062363	1.180055	1.681375	0.0	1.47116	1.224436	1.267501	1.531665	1.649393	1.200842	1.528129	1.260673	2.390948	1.172181	
P.hamadrya	1.293431	1.977446	1.453476	1.233302	1.288542	1.235242	1.986402	1.690805	1.635399	1.703065	2.614594	1.29099	1.319536	2.296545	1.478515	1.615273	1.47116	0.0	1.51178	1.543999	1.617414	1.618806	1.503383	1.607187	1.527937	2.533039	1.498795	
P.melaloph	1.317709	1.770963	1.190351	1.30387	1.360929	1.320071	1.987028	1.580905	1.68204	1.622179	2.222909	1.45129	1.433433	2.034275	1.115071	1.631878	1.224436	1.51178	0.0	1.185531	1.538594	1.661809	1.136335	1.56421	1.182245	2.398239	1.094575	
P.nemaeus 	1.410617	1.798921	1.303254	1.369006	1.420815	1.405457	2.015636	1.658365	1.646583	1.63182	2.309441	1.482015	1.515264	2.106064	1.130419	1.675536	1.267501	1.543999	1.185531	0.0	1.568	1.702298	1.15008	1.593925	1.244729	2.348918	1.216141	
P.paniscus	1.515546	1.743804	1.535684	1.46905	1.529959	1.43731	1.850459	1.03847	1.286756	0.985202	2.295802	1.527438	1.547533	2.103301	1.541437	1.216936	1.531665	1.617414	1.538594	1.568	0.0	1.19816	1.584556	0.782016	1.598149	2.216829	1.549534	
P.pygmaeus	1.549998	1.836953	1.622844	1.559002	1.60711	1.503321	1.887756	1.271171	1.388486	1.220027	2.454542	1.506345	1.588927	2.187529	1.571647	0.896957	1.649393	1.618806	1.661809	1.702298	1.19816	0.0	1.662913	1.205503	1.704815	2.484025	1.662402	
P.roxellan	1.397308	1.77076	1.236605	1.372105	1.377721	1.373298	2.001953	1.675763	1.658873	1.639396	2.348293	1.493874	1.450771	2.12987	1.078067	1.655082	1.200842	1.503383	1.136335	1.15008	1.584556	1.662913	0.0	1.585899	1.162541	2.335553	1.10923	
P.troglody	1.514501	1.745107	1.541731	1.464771	1.521357	1.433991	1.860648	1.0393	1.274546	0.971284	2.307013	1.525713	1.57323	2.103185	1.544776	1.23436	1.528129	1.607187	1.56421	1.593925	0.782016	1.205503	1.585899	0.0	1.60795	2.276989	1.5567	
S.entellus	1.45411	1.788674	1.281575	1.405303	1.390086	1.41437	2.017732	1.699352	1.703978	1.671932	2.297601	1.453319	1.464104	2.144652	1.132291	1.698323	1.260673	1.527937	1.182245	1.244729	1.598149	1.704815	1.162541	1.60795	0.0	2.460381	1.150548	
T.bancanus	2.435937	2.591051	2.432576	2.377724	2.463119	2.300069	2.18552	2.450322	2.525693	2.423115	2.954214	2.516873	2.533214	2.707887	2.339868	2.476226	2.390948	2.533039	2.398239	2.348918	2.216829	2.484025	2.335553	2.276989	2.460381	0.0	2.422373	
T.obscurus	1.37413	1.744264	1.208697	1.348511	1.350171	1.35993	2.030065	1.68275	1.639428	1.649916	2.257955	1.443019	1.437168	2.099627	1.095179	1.662439	1.172181	1.498795	1.094575	1.216141	1.549534	1.662402	1.10923	1.5567	1.150548	2.422373	0.0	
